model,shots,inner_batch,inner_iters,lr,meta_step,meta_step_final,meta_batch,meta_iters,eval_batch,eval_iters,dim_hidden,activation_fns,top_features
34895,10,5,10,0.001,1.0,1.0,8,5000,5,30,"128, 64, 64",sigmoid,10
11099,10,5,10,0.001,1.0,1.0,4,5000,10,10,"128, 64",swish,10
23699,10,5,10,0.001,1.0,1.0,4,10000,15,30,"128, 64",swish,10
24171,10,5,10,0.001,1.0,1.0,4,10000,15,30,"128, 64, 64",tanh,10
21591,10,5,10,0.001,1.0,1.0,4,10000,10,30,"128, 64, 64",swish,10
27203,10,5,10,0.001,1.0,1.0,8,1000,10,10,"128, 64",softmax,10
38579,10,5,10,0.001,1.0,1.0,8,5000,15,10,"128, 64, 64",tanh,10
29627,10,5,10,0.001,1.0,1.0,8,1000,10,30,"128, 64, 64",softmax,10
23279,10,5,10,0.001,1.0,1.0,4,10000,15,20,"128, 64, 64",tanh,10
30507,10,5,10,0.001,1.0,1.0,8,1000,15,10,"128, 64, 64",softmax,10
38699,10,5,10,0.001,1.0,1.0,8,5000,15,10,"128, 64, 64",swish,10
30505,10,5,10,0.001,1.0,1.0,8,1000,15,10,"128, 64, 64",softmax,10
2087,10,5,10,0.001,1.0,1.0,4,1000,5,30,"128, 64",swish,10
29771,10,5,10,0.001,1.0,1.0,8,1000,15,10,"128, 64",sigmoid,10
13401,10,5,10,0.001,1.0,1.0,4,5000,10,30,"128, 64, 64",softmax,10
30839,10,5,10,0.001,1.0,1.0,8,1000,15,20,"128, 64",softmax,10
30517,10,5,10,0.001,1.0,1.0,8,1000,15,10,"128, 64, 64",softmax,10
19559,10,5,10,0.001,1.0,1.0,4,10000,10,10,"128, 64, 64",relu,10
26951,10,5,10,0.001,1.0,1.0,8,1000,5,30,"128, 64, 64",swish,10
14691,10,5,10,0.001,1.0,1.0,4,5000,15,20,"128, 64",swish,10
23391,10,5,10,0.001,1.0,1.0,4,10000,15,20,"128, 64, 64",swish,10
26303,10,5,10,0.001,1.0,1.0,8,1000,5,30,"128, 64",softmax,10
21455,10,5,10,0.001,1.0,1.0,4,10000,10,30,"128, 64, 64",tanh,10
29897,10,5,10,0.001,1.0,1.0,8,1000,15,10,"128, 64",softmax,10
29761,10,5,10,0.001,1.0,1.0,8,1000,15,10,"128, 64",sigmoid,10
26321,10,5,10,0.001,1.0,1.0,8,1000,5,30,"128, 64",softmax,10
15171,10,5,10,0.001,1.0,1.0,4,5000,15,20,"128, 64, 64",tanh,10
6539,10,5,10,0.001,1.0,1.0,4,1000,15,20,"128, 64",softmax,10
30527,10,5,10,0.001,1.0,1.0,8,1000,15,10,"128, 64, 64",softmax,10
30491,10,5,10,0.001,1.0,1.0,8,1000,15,10,"128, 64, 64",softmax,10
24087,10,5,10,0.001,1.0,1.0,4,10000,15,30,"128, 64, 64",sigmoid,10
26291,10,5,10,0.001,1.0,1.0,8,1000,5,30,"128, 64",softmax,10
33117,10,5,10,0.001,1.0,1.0,8,5000,5,10,"128, 64, 64",sigmoid,10
24051,10,5,10,0.001,1.0,1.0,4,10000,15,30,"128, 64, 64",relu,10
15005,10,5,10,0.001,1.0,1.0,4,5000,15,20,"128, 64, 64",relu,10
1103,10,5,10,0.001,1.0,1.0,4,1000,5,20,"128, 64",softmax,10
24491,10,5,10,0.001,1.0,1.0,8,1000,5,10,"128, 64",softmax,10
30851,10,5,10,0.001,1.0,1.0,8,1000,15,20,"128, 64",swish,10
26901,10,5,10,0.001,1.0,1.0,8,1000,5,30,"128, 64, 64",softmax,10
23247,10,5,10,0.001,1.0,1.0,4,10000,15,20,"128, 64, 64",tanh,10
17069,10,5,10,0.001,1.0,1.0,4,10000,5,10,"128, 64, 64",swish,10
26319,10,5,10,0.001,1.0,1.0,8,1000,5,30,"128, 64",softmax,10
30339,10,5,10,0.001,1.0,1.0,8,1000,15,10,"128, 64, 64",relu,10
31423,10,5,10,0.001,1.0,1.0,8,1000,15,20,"128, 64, 64",softmax,10
26927,10,5,10,0.001,1.0,1.0,8,1000,5,30,"128, 64, 64",softmax,10
26891,10,5,10,0.001,1.0,1.0,8,1000,5,30,"128, 64, 64",softmax,10
29617,10,5,10,0.001,1.0,1.0,8,1000,10,30,"128, 64, 64",softmax,10
26903,10,5,10,0.001,1.0,1.0,8,1000,5,30,"128, 64, 64",softmax,10
30303,10,5,10,0.001,1.0,1.0,8,1000,15,10,"128, 64, 64",relu,10
2053,10,5,10,0.001,1.0,1.0,4,1000,5,30,"128, 64",swish,10
29711,10,5,10,0.001,1.0,1.0,8,1000,15,10,"128, 64",relu,10
30499,10,5,10,0.001,1.0,1.0,8,1000,15,10,"128, 64, 64",softmax,10
20579,10,5,10,0.001,1.0,1.0,4,10000,10,20,"128, 64, 64",tanh,10
24495,10,5,10,0.001,1.0,1.0,8,1000,5,10,"128, 64",softmax,10
13409,10,5,10,0.001,1.0,1.0,4,5000,10,30,"128, 64, 64",softmax,10
11423,10,5,10,0.001,1.0,1.0,4,5000,10,10,"128, 64, 64",relu,10
26297,10,5,10,0.001,1.0,1.0,8,1000,5,30,"128, 64",softmax,10
29907,10,5,10,0.001,1.0,1.0,8,1000,15,10,"128, 64",softmax,10
26343,10,5,10,0.001,1.0,1.0,8,1000,5,30,"128, 64",swish,10
29951,10,5,10,0.001,1.0,1.0,8,1000,15,10,"128, 64",swish,10
30503,10,5,10,0.001,1.0,1.0,8,1000,15,10,"128, 64, 64",softmax,10
34859,10,5,10,0.001,1.0,1.0,8,5000,5,30,"128, 64, 64",relu,10
29603,10,5,10,0.001,1.0,1.0,8,1000,10,30,"128, 64, 64",softmax,10
29945,10,5,10,0.001,1.0,1.0,8,1000,15,10,"128, 64",swish,10
30483,10,5,10,0.001,1.0,1.0,8,1000,15,10,"128, 64, 64",softmax,10
31389,10,5,10,0.001,1.0,1.0,8,1000,15,20,"128, 64, 64",softmax,10
30481,10,5,10,0.001,1.0,1.0,8,1000,15,10,"128, 64, 64",softmax,10
29919,10,5,10,0.001,1.0,1.0,8,1000,15,10,"128, 64",softmax,10
26931,10,5,10,0.001,1.0,1.0,8,1000,5,30,"128, 64, 64",softmax,10
15915,10,5,10,0.001,1.0,1.0,4,5000,15,30,"128, 64, 64",relu,10
25263,10,5,10,0.001,1.0,1.0,8,1000,5,20,"128, 64",sigmoid,10
31261,10,5,10,0.001,1.0,1.0,8,1000,15,20,"128, 64, 64",sigmoid,10
29591,10,5,10,0.001,1.0,1.0,8,1000,10,30,"128, 64, 64",softmax,10
30487,10,5,10,0.001,1.0,1.0,8,1000,15,10,"128, 64, 64",softmax,10
25427,10,5,10,0.001,1.0,1.0,8,1000,5,20,"128, 64",softmax,10
29899,10,5,10,0.001,1.0,1.0,8,1000,15,10,"128, 64",softmax,10
1127,10,5,10,0.001,1.0,1.0,4,1000,5,20,"128, 64",softmax,10
27061,10,5,10,0.001,1.0,1.0,8,1000,10,10,"128, 64",sigmoid,10
30307,10,5,10,0.001,1.0,1.0,8,1000,15,10,"128, 64, 64",relu,10
38567,10,5,10,0.001,1.0,1.0,8,5000,15,10,"128, 64, 64",tanh,10
17099,10,5,10,0.001,1.0,1.0,4,10000,5,10,"128, 64, 64",swish,10
29889,10,5,10,0.001,1.0,1.0,8,1000,15,10,"128, 64",softmax,10
28715,10,5,10,0.001,1.0,1.0,8,1000,10,20,"128, 64, 64",softmax,10
23375,10,5,10,0.001,1.0,1.0,4,10000,15,20,"128, 64, 64",swish,10
6383,10,5,10,0.001,1.0,1.0,4,1000,15,20,"128, 64",sigmoid,10
26925,10,5,10,0.001,1.0,1.0,8,1000,5,30,"128, 64, 64",softmax,10
29701,10,5,10,0.001,1.0,1.0,8,1000,15,10,"128, 64",relu,10
13315,10,5,10,0.001,1.0,1.0,4,5000,10,30,"128, 64, 64",sigmoid,10
15143,10,5,10,0.001,1.0,1.0,4,5000,15,20,"128, 64, 64",tanh,10
29925,10,5,10,0.001,1.0,1.0,8,1000,15,10,"128, 64",softmax,10
13403,10,5,10,0.001,1.0,1.0,4,5000,10,30,"128, 64, 64",softmax,10
24523,10,5,10,0.001,1.0,1.0,8,1000,5,10,"128, 64",softmax,10
24501,10,5,10,0.001,1.0,1.0,8,1000,5,10,"128, 64",softmax,10
28993,10,5,10,0.001,1.0,1.0,8,1000,10,30,"128, 64",softmax,10
16163,10,5,10,0.001,1.0,1.0,4,5000,15,30,"128, 64, 64",swish,10
29949,10,5,10,0.001,1.0,1.0,8,1000,15,10,"128, 64",swish,10
36899,10,5,10,0.001,1.0,1.0,8,5000,10,20,"128, 64, 64",swish,10
26881,10,5,10,0.001,1.0,1.0,8,1000,5,30,"128, 64, 64",softmax,10
22779,10,5,10,0.001,1.0,1.0,4,10000,15,20,"128, 64",swish,10
20979,10,5,10,0.001,1.0,1.0,4,10000,10,30,"128, 64",swish,10
30495,10,5,10,0.001,1.0,1.0,8,1000,15,10,"128, 64, 64",softmax,10
28723,10,5,10,0.001,1.0,1.0,8,1000,10,20,"128, 64, 64",softmax,10
30801,10,5,10,0.001,1.0,1.0,8,1000,15,20,"128, 64",softmax,10
26309,10,5,10,0.001,1.0,1.0,8,1000,5,30,"128, 64",softmax,10
19791,10,5,10,0.001,1.0,1.0,4,10000,10,10,"128, 64, 64",swish,10
26347,10,5,10,0.001,1.0,1.0,8,1000,5,30,"128, 64",swish,10
26027,10,5,10,0.001,1.0,1.0,8,1000,5,20,"128, 64, 64",softmax,10
24481,10,5,10,0.001,1.0,1.0,8,1000,5,10,"128, 64",softmax,10
26323,10,5,10,0.001,1.0,1.0,8,1000,5,30,"128, 64",softmax,10
23127,10,5,10,0.001,1.0,1.0,4,10000,15,20,"128, 64, 64",relu,10
28871,10,5,10,0.001,1.0,1.0,8,1000,10,30,"128, 64",sigmoid,10
26917,10,5,10,0.001,1.0,1.0,8,1000,5,30,"128, 64, 64",softmax,10
13379,10,5,10,0.001,1.0,1.0,4,5000,10,30,"128, 64, 64",tanh,10
26287,10,5,10,0.001,1.0,1.0,8,1000,5,30,"128, 64",softmax,10
26921,10,5,10,0.001,1.0,1.0,8,1000,5,30,"128, 64, 64",softmax,10
6503,10,5,10,0.001,1.0,1.0,4,1000,15,20,"128, 64",softmax,10
24013,10,5,10,0.001,1.0,1.0,4,10000,15,30,"128, 64, 64",relu,10
16913,10,5,10,0.001,1.0,1.0,4,10000,5,10,"128, 64, 64",sigmoid,10
2927,10,5,10,0.001,1.0,1.0,4,1000,10,10,"128, 64",softmax,10
27267,10,5,10,0.001,1.0,1.0,8,1000,10,10,"128, 64",swish,10
32447,10,5,10,0.001,1.0,1.0,8,5000,5,10,"128, 64",relu,10
3675,10,5,10,0.001,1.0,1.0,4,1000,10,20,"128, 64",sigmoid,10
24265,10,5,10,0.001,1.0,1.0,4,10000,15,30,"128, 64, 64",swish,10
35719,10,5,10,0.001,1.0,1.0,8,5000,10,10,"128, 64, 64",relu,10
26019,10,5,10,0.001,1.0,1.0,8,1000,5,20,"128, 64, 64",softmax,10
30521,10,5,10,0.001,1.0,1.0,8,1000,15,10,"128, 64, 64",softmax,10
29921,10,5,10,0.001,1.0,1.0,8,1000,15,10,"128, 64",softmax,10
30371,10,5,10,0.001,1.0,1.0,8,1000,15,10,"128, 64, 64",sigmoid,10
34343,10,5,10,0.001,1.0,1.0,8,5000,5,30,"128, 64",tanh,10
30611,10,5,10,0.001,1.0,1.0,8,1000,15,20,"128, 64",relu,10
30485,10,5,10,0.001,1.0,1.0,8,1000,15,10,"128, 64, 64",softmax,10
34055,10,5,10,0.001,1.0,1.0,8,5000,5,20,"128, 64, 64",tanh,10
23201,10,5,10,0.001,1.0,1.0,4,10000,15,20,"128, 64, 64",sigmoid,10
29917,10,5,10,0.001,1.0,1.0,8,1000,15,10,"128, 64",softmax,10
2903,10,5,10,0.001,1.0,1.0,4,1000,10,10,"128, 64",softmax,10
30793,10,5,10,0.001,1.0,1.0,8,1000,15,20,"128, 64",softmax,10
2613,10,5,10,0.001,1.0,1.0,4,1000,5,30,"128, 64, 64",softmax,10
25403,10,5,10,0.001,1.0,1.0,8,1000,5,20,"128, 64",softmax,10
29601,10,5,10,0.001,1.0,1.0,8,1000,10,30,"128, 64, 64",softmax,10
29007,10,5,10,0.001,1.0,1.0,8,1000,10,30,"128, 64",softmax,10
26711,10,5,10,0.001,1.0,1.0,8,1000,5,30,"128, 64, 64",relu,10
25085,10,5,10,0.001,1.0,1.0,8,1000,5,10,"128, 64, 64",softmax,10
13491,10,5,10,0.001,1.0,1.0,4,5000,10,30,"128, 64, 64",swish,10
31417,10,5,10,0.001,1.0,1.0,8,1000,15,20,"128, 64, 64",softmax,10
25995,10,5,10,0.001,1.0,1.0,8,1000,5,20,"128, 64, 64",softmax,10
17987,10,5,10,0.001,1.0,1.0,4,10000,5,20,"128, 64, 64",swish,10
27959,10,5,10,0.001,1.0,1.0,8,1000,10,20,"128, 64",relu,10
29001,10,5,10,0.001,1.0,1.0,8,1000,10,30,"128, 64",softmax,10
29625,10,5,10,0.001,1.0,1.0,8,1000,10,30,"128, 64, 64",softmax,10
28575,10,5,10,0.001,1.0,1.0,8,1000,10,20,"128, 64, 64",sigmoid,10
25271,10,5,10,0.001,1.0,1.0,8,1000,5,20,"128, 64",sigmoid,10
28121,10,5,10,0.001,1.0,1.0,8,1000,10,20,"128, 64",softmax,10
16833,10,5,10,0.001,1.0,1.0,4,10000,5,10,"128, 64, 64",relu,10
20555,10,5,10,0.001,1.0,1.0,4,10000,10,20,"128, 64, 64",tanh,10
26105,10,5,10,0.001,1.0,1.0,8,1000,5,30,"128, 64",relu,10
29881,10,5,10,0.001,1.0,1.0,8,1000,15,10,"128, 64",softmax,10
2891,10,5,10,0.001,1.0,1.0,4,1000,10,10,"128, 64",softmax,10
29923,10,5,10,0.001,1.0,1.0,8,1000,15,10,"128, 64",softmax,10
27219,10,5,10,0.001,1.0,1.0,8,1000,10,10,"128, 64",softmax,10
2031,10,5,10,0.001,1.0,1.0,4,1000,5,30,"128, 64",softmax,10
37893,10,5,10,0.001,1.0,1.0,8,5000,15,10,"128, 64",sigmoid,10
2067,10,5,10,0.001,1.0,1.0,4,1000,5,30,"128, 64",swish,10
28997,10,5,10,0.001,1.0,1.0,8,1000,10,30,"128, 64",softmax,10
18659,10,5,10,0.001,1.0,1.0,4,10000,5,30,"128, 64, 64",relu,10
29831,10,5,10,0.001,1.0,1.0,8,1000,15,10,"128, 64",tanh,10
7105,10,5,10,0.001,1.0,1.0,4,1000,15,20,"128, 64, 64",softmax,10
30823,10,5,10,0.001,1.0,1.0,8,1000,15,20,"128, 64",softmax,10
27195,10,5,10,0.001,1.0,1.0,8,1000,10,10,"128, 64",softmax,10
25083,10,5,10,0.001,1.0,1.0,8,1000,5,10,"128, 64, 64",softmax,10
25097,10,5,10,0.001,1.0,1.0,8,1000,5,10,"128, 64, 64",softmax,10
17271,10,5,10,0.001,1.0,1.0,4,10000,5,20,"128, 64",tanh,10
31403,10,5,10,0.001,1.0,1.0,8,1000,15,20,"128, 64, 64",softmax,10
32307,10,5,10,0.001,1.0,1.0,8,1000,15,30,"128, 64, 64",softmax,10
19535,10,5,10,0.001,1.0,1.0,4,10000,10,10,"128, 64, 64",relu,10
16221,10,5,10,0.001,1.0,1.0,4,10000,5,10,"128, 64",relu,10
32331,10,5,10,0.001,1.0,1.0,8,1000,15,30,"128, 64, 64",softmax,10
25437,10,5,10,0.001,1.0,1.0,8,1000,5,20,"128, 64",softmax,10
1117,10,5,10,0.001,1.0,1.0,4,1000,5,20,"128, 64",softmax,10
2001,10,5,10,0.001,1.0,1.0,4,1000,5,30,"128, 64",softmax,10
34939,10,5,10,0.001,1.0,1.0,8,5000,5,30,"128, 64, 64",tanh,10
1083,10,5,10,0.001,1.0,1.0,4,1000,5,20,"128, 64",softmax,10
30311,10,5,10,0.001,1.0,1.0,8,1000,15,10,"128, 64, 64",relu,10
29583,10,5,10,0.001,1.0,1.0,8,1000,10,30,"128, 64, 64",softmax,10
29633,10,5,10,0.001,1.0,1.0,8,1000,10,30,"128, 64, 64",softmax,10
14605,10,5,10,0.001,1.0,1.0,4,5000,15,20,"128, 64",softmax,10
21327,10,5,10,0.001,1.0,1.0,4,10000,10,30,"128, 64, 64",relu,10
9899,10,5,10,0.001,1.0,1.0,4,5000,5,20,"128, 64, 64",swish,10
6507,10,5,10,0.001,1.0,1.0,4,1000,15,20,"128, 64",softmax,10
10823,10,5,10,0.001,1.0,1.0,4,5000,10,10,"128, 64",relu,10
26889,10,5,10,0.001,1.0,1.0,8,1000,5,30,"128, 64, 64",softmax,10
29769,10,5,10,0.001,1.0,1.0,8,1000,15,10,"128, 64",sigmoid,10
30817,10,5,10,0.001,1.0,1.0,8,1000,15,20,"128, 64",softmax,10
5291,10,5,10,0.001,1.0,1.0,4,1000,10,30,"128, 64, 64",softmax,10
2589,10,5,10,0.001,1.0,1.0,4,1000,5,30,"128, 64, 64",softmax,10
14451,10,5,10,0.001,1.0,1.0,4,5000,15,20,"128, 64",relu,10
25383,10,5,10,0.001,1.0,1.0,8,1000,5,20,"128, 64",softmax,10
36059,10,5,10,0.001,1.0,1.0,8,5000,10,20,"128, 64",relu,10
28811,10,5,10,0.001,1.0,1.0,8,1000,10,30,"128, 64",relu,10
1091,10,5,10,0.001,1.0,1.0,4,1000,5,20,"128, 64",softmax,10
26161,10,5,10,0.001,1.0,1.0,8,1000,5,30,"128, 64",sigmoid,10
30489,10,5,10,0.001,1.0,1.0,8,1000,15,10,"128, 64, 64",softmax,10
2025,10,5,10,0.001,1.0,1.0,4,1000,5,30,"128, 64",softmax,10
9659,10,5,10,0.001,1.0,1.0,4,5000,5,20,"128, 64, 64",relu,10
26285,10,5,10,0.001,1.0,1.0,8,1000,5,30,"128, 64",softmax,10
13453,10,5,10,0.001,1.0,1.0,4,5000,10,30,"128, 64, 64",swish,10
31437,10,5,10,0.001,1.0,1.0,8,1000,15,20,"128, 64, 64",softmax,10
3825,10,5,10,0.001,1.0,1.0,4,1000,10,20,"128, 64",softmax,10
26351,10,5,10,0.001,1.0,1.0,8,1000,5,30,"128, 64",swish,10
15085,10,5,10,0.001,1.0,1.0,4,5000,15,20,"128, 64, 64",sigmoid,10
3491,10,5,10,0.001,1.0,1.0,4,1000,10,10,"128, 64, 64",softmax,10
23271,10,5,10,0.001,1.0,1.0,4,10000,15,20,"128, 64, 64",tanh,10
25993,10,5,10,0.001,1.0,1.0,8,1000,5,20,"128, 64, 64",softmax,10
26111,10,5,10,0.001,1.0,1.0,8,1000,5,30,"128, 64",relu,10
2583,10,5,10,0.001,1.0,1.0,4,1000,5,30,"128, 64, 64",softmax,10
30551,10,5,10,0.001,1.0,1.0,8,1000,15,10,"128, 64, 64",swish,10
12823,10,5,10,0.001,1.0,1.0,4,5000,10,30,"128, 64",softmax,10
13229,10,5,10,0.001,1.0,1.0,4,5000,10,30,"128, 64, 64",relu,10
25423,10,5,10,0.001,1.0,1.0,8,1000,5,20,"128, 64",softmax,10
1727,10,5,10,0.001,1.0,1.0,4,1000,5,20,"128, 64, 64",softmax,10
26919,10,5,10,0.001,1.0,1.0,8,1000,5,30,"128, 64, 64",softmax,10
29709,10,5,10,0.001,1.0,1.0,8,1000,15,10,"128, 64",relu,10
27825,10,5,10,0.001,1.0,1.0,8,1000,10,10,"128, 64, 64",softmax,10
29883,10,5,10,0.001,1.0,1.0,8,1000,15,10,"128, 64",softmax,10
825,10,5,10,0.001,1.0,1.0,4,1000,5,10,"128, 64, 64",softmax,10
13201,10,5,10,0.001,1.0,1.0,4,5000,10,30,"128, 64, 64",relu,10
9095,10,5,10,0.001,1.0,1.0,4,5000,5,20,"128, 64",sigmoid,10
13243,10,5,10,0.001,1.0,1.0,4,5000,10,30,"128, 64, 64",relu,10
31397,10,5,10,0.001,1.0,1.0,8,1000,15,20,"128, 64, 64",softmax,10
23177,10,5,10,0.001,1.0,1.0,4,10000,15,20,"128, 64, 64",sigmoid,10
797,10,5,10,0.001,1.0,1.0,4,1000,5,10,"128, 64, 64",softmax,10
32111,10,5,10,0.001,1.0,1.0,8,1000,15,30,"128, 64, 64",relu,10
29767,10,5,10,0.001,1.0,1.0,8,1000,15,10,"128, 64",sigmoid,10
32351,10,5,10,0.001,1.0,1.0,8,1000,15,30,"128, 64, 64",swish,10
23111,10,5,10,0.001,1.0,1.0,4,10000,15,20,"128, 64, 64",relu,10
30541,10,5,10,0.001,1.0,1.0,8,1000,15,10,"128, 64, 64",swish,10
37979,10,5,10,0.001,1.0,1.0,8,5000,15,10,"128, 64",tanh,10
13395,10,5,10,0.001,1.0,1.0,4,5000,10,30,"128, 64, 64",softmax,10
28995,10,5,10,0.001,1.0,1.0,8,1000,10,30,"128, 64",softmax,10
13537,10,5,10,0.001,1.0,1.0,4,5000,15,10,"128, 64",relu,10
26229,10,5,10,0.001,1.0,1.0,8,1000,5,30,"128, 64",tanh,10
911,10,5,10,0.001,1.0,1.0,4,1000,5,20,"128, 64",relu,10
6363,10,5,10,0.001,1.0,1.0,4,1000,15,20,"128, 64",sigmoid,10
26281,10,5,10,0.001,1.0,1.0,8,1000,5,30,"128, 64",softmax,10
29893,10,5,10,0.001,1.0,1.0,8,1000,15,10,"128, 64",softmax,10
29581,10,5,10,0.001,1.0,1.0,8,1000,10,30,"128, 64, 64",softmax,10
26885,10,5,10,0.001,1.0,1.0,8,1000,5,30,"128, 64, 64",softmax,10
13347,10,5,10,0.001,1.0,1.0,4,5000,10,30,"128, 64, 64",tanh,10
25091,10,5,10,0.001,1.0,1.0,8,1000,5,10,"128, 64, 64",softmax,10
14603,10,5,10,0.001,1.0,1.0,4,5000,15,20,"128, 64",softmax,10
38415,10,5,10,0.001,1.0,1.0,8,5000,15,10,"128, 64, 64",relu,10
27063,10,5,10,0.001,1.0,1.0,8,1000,10,10,"128, 64",sigmoid,10
29763,10,5,10,0.001,1.0,1.0,8,1000,15,10,"128, 64",sigmoid,10
8967,10,5,10,0.001,1.0,1.0,4,5000,5,10,"128, 64, 64",swish,10
16947,10,5,10,0.001,1.0,1.0,4,10000,5,10,"128, 64, 64",tanh,10
13363,10,5,10,0.001,1.0,1.0,4,5000,10,30,"128, 64, 64",tanh,10
27181,10,5,10,0.001,1.0,1.0,8,1000,10,10,"128, 64",softmax,10
15147,10,5,10,0.001,1.0,1.0,4,5000,15,20,"128, 64, 64",tanh,10
26897,10,5,10,0.001,1.0,1.0,8,1000,5,30,"128, 64, 64",softmax,10
3311,10,5,10,0.001,1.0,1.0,4,1000,10,10,"128, 64, 64",relu,10
29593,10,5,10,0.001,1.0,1.0,8,1000,10,30,"128, 64, 64",softmax,10
13427,10,5,10,0.001,1.0,1.0,4,5000,10,30,"128, 64, 64",softmax,10
30519,10,5,10,0.001,1.0,1.0,8,1000,15,10,"128, 64, 64",softmax,10
29927,10,5,10,0.001,1.0,1.0,8,1000,15,10,"128, 64",softmax,10
2597,10,5,10,0.001,1.0,1.0,4,1000,5,30,"128, 64, 64",softmax,10
3827,10,5,10,0.001,1.0,1.0,4,1000,10,20,"128, 64",softmax,10
3669,10,5,10,0.001,1.0,1.0,4,1000,10,20,"128, 64",sigmoid,10
29705,10,5,10,0.001,1.0,1.0,8,1000,15,10,"128, 64",relu,10
203,10,5,10,0.001,1.0,1.0,4,1000,5,10,"128, 64",softmax,10
26169,10,5,10,0.001,1.0,1.0,8,1000,5,30,"128, 64",sigmoid,10
25991,10,5,10,0.001,1.0,1.0,8,1000,5,20,"128, 64, 64",softmax,10
1989,10,5,10,0.001,1.0,1.0,4,1000,5,30,"128, 64",softmax,10
1691,10,5,10,0.001,1.0,1.0,4,1000,5,20,"128, 64, 64",softmax,10
17847,10,5,10,0.001,1.0,1.0,4,10000,5,20,"128, 64, 64",tanh,10
28695,10,5,10,0.001,1.0,1.0,8,1000,10,20,"128, 64, 64",softmax,10
19667,10,5,10,0.001,1.0,1.0,4,10000,10,10,"128, 64, 64",tanh,10
31393,10,5,10,0.001,1.0,1.0,8,1000,15,20,"128, 64, 64",softmax,10
16979,10,5,10,0.001,1.0,1.0,4,10000,5,10,"128, 64, 64",tanh,10
7081,10,5,10,0.001,1.0,1.0,4,1000,15,20,"128, 64, 64",softmax,10
29021,10,5,10,0.001,1.0,1.0,8,1000,10,30,"128, 64",softmax,10
15185,10,5,10,0.001,1.0,1.0,4,5000,15,20,"128, 64, 64",softmax,10
25391,10,5,10,0.001,1.0,1.0,8,1000,5,20,"128, 64",softmax,10
20931,10,5,10,0.001,1.0,1.0,4,10000,10,30,"128, 64",softmax,10
24527,10,5,10,0.001,1.0,1.0,8,1000,5,10,"128, 64",softmax,10
37981,10,5,10,0.001,1.0,1.0,8,5000,15,10,"128, 64",softmax,10
29741,10,5,10,0.001,1.0,1.0,8,1000,15,10,"128, 64",relu,10
20813,10,5,10,0.001,1.0,1.0,4,10000,10,30,"128, 64",sigmoid,10
12319,10,5,10,0.001,1.0,1.0,4,5000,10,20,"128, 64, 64",relu,10
24365,10,5,10,0.001,1.0,1.0,8,1000,5,10,"128, 64",sigmoid,10
24521,10,5,10,0.001,1.0,1.0,8,1000,5,10,"128, 64",softmax,10
34461,10,5,10,0.001,1.0,1.0,8,5000,5,30,"128, 64",swish,10
27193,10,5,10,0.001,1.0,1.0,8,1000,10,10,"128, 64",softmax,10
1089,10,5,10,0.001,1.0,1.0,4,1000,5,20,"128, 64",softmax,10
38585,10,5,10,0.001,1.0,1.0,8,5000,15,10,"128, 64, 64",softmax,10
15007,10,5,10,0.001,1.0,1.0,4,5000,15,20,"128, 64, 64",relu,10
31427,10,5,10,0.001,1.0,1.0,8,1000,15,20,"128, 64, 64",softmax,10
3503,10,5,10,0.001,1.0,1.0,4,1000,10,10,"128, 64, 64",softmax,10
29703,10,5,10,0.001,1.0,1.0,8,1000,15,10,"128, 64",relu,10
839,10,5,10,0.001,1.0,1.0,4,1000,5,10,"128, 64, 64",softmax,10
34191,10,5,10,0.001,1.0,1.0,8,5000,5,20,"128, 64, 64",swish,10
30497,10,5,10,0.001,1.0,1.0,8,1000,15,10,"128, 64, 64",softmax,10
15167,10,5,10,0.001,1.0,1.0,4,5000,15,20,"128, 64, 64",tanh,10
29765,10,5,10,0.001,1.0,1.0,8,1000,15,10,"128, 64",sigmoid,10
31381,10,5,10,0.001,1.0,1.0,8,1000,15,20,"128, 64, 64",softmax,10
32101,10,5,10,0.001,1.0,1.0,8,1000,15,30,"128, 64, 64",relu,10
23691,10,5,10,0.001,1.0,1.0,4,10000,15,30,"128, 64",swish,10
29587,10,5,10,0.001,1.0,1.0,8,1000,10,30,"128, 64, 64",softmax,10
29891,10,5,10,0.001,1.0,1.0,8,1000,15,10,"128, 64",softmax,10
30309,10,5,10,0.001,1.0,1.0,8,1000,15,10,"128, 64, 64",relu,10
6911,10,5,10,0.001,1.0,1.0,4,1000,15,20,"128, 64, 64",relu,10
15505,10,5,10,0.001,1.0,1.0,4,5000,15,30,"128, 64",softmax,10
26911,10,5,10,0.001,1.0,1.0,8,1000,5,30,"128, 64, 64",softmax,10
24525,10,5,10,0.001,1.0,1.0,8,1000,5,10,"128, 64",softmax,10
23307,10,5,10,0.001,1.0,1.0,4,10000,15,20,"128, 64, 64",softmax,10
29463,10,5,10,0.001,1.0,1.0,8,1000,10,30,"128, 64, 64",sigmoid,10
29621,10,5,10,0.001,1.0,1.0,8,1000,10,30,"128, 64, 64",softmax,10
30431,10,5,10,0.001,1.0,1.0,8,1000,15,10,"128, 64, 64",tanh,10
31425,10,5,10,0.001,1.0,1.0,8,1000,15,20,"128, 64, 64",softmax,10
15223,10,5,10,0.001,1.0,1.0,4,5000,15,20,"128, 64, 64",softmax,10
6495,10,5,10,0.001,1.0,1.0,4,1000,15,20,"128, 64",softmax,10
22479,10,5,10,0.001,1.0,1.0,4,10000,15,10,"128, 64, 64",swish,10
16813,10,5,10,0.001,1.0,1.0,4,10000,5,10,"128, 64, 64",relu,10
29887,10,5,10,0.001,1.0,1.0,8,1000,15,10,"128, 64",softmax,10
29885,10,5,10,0.001,1.0,1.0,8,1000,15,10,"128, 64",softmax,10
27791,10,5,10,0.001,1.0,1.0,8,1000,10,10,"128, 64, 64",softmax,10
31383,10,5,10,0.001,1.0,1.0,8,1000,15,20,"128, 64, 64",softmax,10
827,10,5,10,0.001,1.0,1.0,4,1000,5,10,"128, 64, 64",softmax,10
30805,10,5,10,0.001,1.0,1.0,8,1000,15,20,"128, 64",softmax,10
31299,10,5,10,0.001,1.0,1.0,8,1000,15,20,"128, 64, 64",sigmoid,10
29895,10,5,10,0.001,1.0,1.0,8,1000,15,10,"128, 64",softmax,10
3495,10,5,10,0.001,1.0,1.0,4,1000,10,10,"128, 64, 64",softmax,10
21579,10,5,10,0.001,1.0,1.0,4,10000,10,30,"128, 64, 64",swish,10
6527,10,5,10,0.001,1.0,1.0,4,1000,15,20,"128, 64",softmax,10
38423,10,5,10,0.001,1.0,1.0,8,5000,15,10,"128, 64, 64",relu,10
30369,10,5,10,0.001,1.0,1.0,8,1000,15,10,"128, 64, 64",sigmoid,10
2403,10,5,10,0.001,1.0,1.0,4,1000,5,30,"128, 64, 64",relu,10
27805,10,5,10,0.001,1.0,1.0,8,1000,10,10,"128, 64, 64",softmax,10
10971,10,5,10,0.001,1.0,1.0,4,5000,10,10,"128, 64",tanh,10
1997,10,5,10,0.001,1.0,1.0,4,1000,5,30,"128, 64",softmax,10
23681,10,5,10,0.001,1.0,1.0,4,10000,15,30,"128, 64",swish,10
29411,10,5,10,0.001,1.0,1.0,8,1000,10,30,"128, 64, 64",relu,10
16093,10,5,10,0.001,1.0,1.0,4,5000,15,30,"128, 64, 64",softmax,10
3527,10,5,10,0.001,1.0,1.0,4,1000,10,10,"128, 64, 64",softmax,10
26923,10,5,10,0.001,1.0,1.0,8,1000,5,30,"128, 64, 64",softmax,10
2977,10,5,10,0.001,1.0,1.0,4,1000,10,10,"128, 64",swish,10
28109,10,5,10,0.001,1.0,1.0,8,1000,10,20,"128, 64",softmax,10
829,10,5,10,0.001,1.0,1.0,4,1000,5,10,"128, 64, 64",softmax,10
2635,10,5,10,0.001,1.0,1.0,4,1000,5,30,"128, 64, 64",softmax,10
971,10,5,10,0.001,1.0,1.0,4,1000,5,20,"128, 64",sigmoid,10
9651,10,5,10,0.001,1.0,1.0,4,5000,5,20,"128, 64, 64",relu,10
37895,10,5,10,0.001,1.0,1.0,8,5000,15,10,"128, 64",sigmoid,10
30783,10,5,10,0.001,1.0,1.0,8,1000,15,20,"128, 64",softmax,10
26163,10,5,10,0.001,1.0,1.0,8,1000,5,30,"128, 64",sigmoid,10
29757,10,5,10,0.001,1.0,1.0,8,1000,15,10,"128, 64",relu,10
25417,10,5,10,0.001,1.0,1.0,8,1000,5,20,"128, 64",softmax,10
25087,10,5,10,0.001,1.0,1.0,8,1000,5,10,"128, 64, 64",softmax,10
19659,10,5,10,0.001,1.0,1.0,4,10000,10,10,"128, 64, 64",tanh,10
36897,10,5,10,0.001,1.0,1.0,8,5000,10,20,"128, 64, 64",swish,10
36763,10,5,10,0.001,1.0,1.0,8,5000,10,20,"128, 64, 64",tanh,10
26289,10,5,10,0.001,1.0,1.0,8,1000,5,30,"128, 64",softmax,10
219,10,5,10,0.001,1.0,1.0,4,1000,5,10,"128, 64",softmax,10
16977,10,5,10,0.001,1.0,1.0,4,10000,5,10,"128, 64, 64",tanh,10
27795,10,5,10,0.001,1.0,1.0,8,1000,10,10,"128, 64, 64",softmax,10
1119,10,5,10,0.001,1.0,1.0,4,1000,5,20,"128, 64",softmax,10
37517,10,5,10,0.001,1.0,1.0,8,5000,10,30,"128, 64, 64",relu,10
14631,10,5,10,0.001,1.0,1.0,4,5000,15,20,"128, 64",softmax,10
809,10,5,10,0.001,1.0,1.0,4,1000,5,10,"128, 64, 64",softmax,10
24493,10,5,10,0.001,1.0,1.0,8,1000,5,10,"128, 64",softmax,10
26257,10,5,10,0.001,1.0,1.0,8,1000,5,30,"128, 64",tanh,10
24545,10,5,10,0.001,1.0,1.0,8,1000,5,10,"128, 64",swish,10
36771,10,5,10,0.001,1.0,1.0,8,5000,10,20,"128, 64, 64",tanh,10
36147,10,5,10,0.001,1.0,1.0,8,5000,10,20,"128, 64",tanh,10
31451,10,5,10,0.001,1.0,1.0,8,1000,15,20,"128, 64, 64",swish,10
25981,10,5,10,0.001,1.0,1.0,8,1000,5,20,"128, 64, 64",softmax,10
29589,10,5,10,0.001,1.0,1.0,8,1000,10,30,"128, 64, 64",softmax,10
23397,10,5,10,0.001,1.0,1.0,4,10000,15,20,"128, 64, 64",swish,10
30847,10,5,10,0.001,1.0,1.0,8,1000,15,20,"128, 64",swish,10
783,10,5,10,0.001,1.0,1.0,4,1000,5,10,"128, 64, 64",softmax,10
25203,10,5,10,0.001,1.0,1.0,8,1000,5,20,"128, 64",relu,10
28701,10,5,10,0.001,1.0,1.0,8,1000,10,20,"128, 64, 64",softmax,10
31395,10,5,10,0.001,1.0,1.0,8,1000,15,20,"128, 64, 64",softmax,10
6535,10,5,10,0.001,1.0,1.0,4,1000,15,20,"128, 64",softmax,10
2019,10,5,10,0.001,1.0,1.0,4,1000,5,30,"128, 64",softmax,10
30795,10,5,10,0.001,1.0,1.0,8,1000,15,20,"128, 64",softmax,10
24371,10,5,10,0.001,1.0,1.0,8,1000,5,10,"128, 64",sigmoid,10
27797,10,5,10,0.001,1.0,1.0,8,1000,10,10,"128, 64, 64",softmax,10
27663,10,5,10,0.001,1.0,1.0,8,1000,10,10,"128, 64, 64",sigmoid,10
37503,10,5,10,0.001,1.0,1.0,8,5000,10,30,"128, 64, 64",relu,10
14283,10,5,10,0.001,1.0,1.0,4,5000,15,10,"128, 64, 64",softmax,10
12781,10,5,10,0.001,1.0,1.0,4,5000,10,30,"128, 64",softmax,10
6521,10,5,10,0.001,1.0,1.0,4,1000,15,20,"128, 64",softmax,10
11427,10,5,10,0.001,1.0,1.0,4,5000,10,10,"128, 64, 64",relu,10
29629,10,5,10,0.001,1.0,1.0,8,1000,10,30,"128, 64, 64",softmax,10
2003,10,5,10,0.001,1.0,1.0,4,1000,5,30,"128, 64",softmax,10
3785,10,5,10,0.001,1.0,1.0,4,1000,10,20,"128, 64",softmax,10
1867,10,5,10,0.001,1.0,1.0,4,1000,5,30,"128, 64",sigmoid,10
29707,10,5,10,0.001,1.0,1.0,8,1000,15,10,"128, 64",relu,10
25983,10,5,10,0.001,1.0,1.0,8,1000,5,20,"128, 64, 64",softmax,10
26887,10,5,10,0.001,1.0,1.0,8,1000,5,30,"128, 64, 64",softmax,10
33155,10,5,10,0.001,1.0,1.0,8,5000,5,10,"128, 64, 64",tanh,10
36659,10,5,10,0.001,1.0,1.0,8,5000,10,20,"128, 64, 64",relu,10
7135,10,5,10,0.001,1.0,1.0,4,1000,15,20,"128, 64, 64",softmax,10
35795,10,5,10,0.001,1.0,1.0,8,5000,10,10,"128, 64, 64",sigmoid,10
31431,10,5,10,0.001,1.0,1.0,8,1000,15,20,"128, 64, 64",softmax,10
24503,10,5,10,0.001,1.0,1.0,8,1000,5,10,"128, 64",softmax,10
16105,10,5,10,0.001,1.0,1.0,4,5000,15,30,"128, 64, 64",softmax,10
30501,10,5,10,0.001,1.0,1.0,8,1000,15,10,"128, 64, 64",softmax,10
29045,10,5,10,0.001,1.0,1.0,8,1000,10,30,"128, 64",swish,10
30603,10,5,10,0.001,1.0,1.0,8,1000,15,20,"128, 64",relu,10
13385,10,5,10,0.001,1.0,1.0,4,5000,10,30,"128, 64, 64",softmax,10
26703,10,5,10,0.001,1.0,1.0,8,1000,5,30,"128, 64, 64",relu,10
2581,10,5,10,0.001,1.0,1.0,4,1000,5,30,"128, 64, 64",softmax,10
38581,10,5,10,0.001,1.0,1.0,8,5000,15,10,"128, 64, 64",softmax,10
31203,10,5,10,0.001,1.0,1.0,8,1000,15,20,"128, 64, 64",relu,10
36883,10,5,10,0.001,1.0,1.0,8,5000,10,20,"128, 64, 64",swish,10
30361,10,5,10,0.001,1.0,1.0,8,1000,15,10,"128, 64, 64",sigmoid,10
33283,10,5,10,0.001,1.0,1.0,8,5000,5,10,"128, 64, 64",swish,10
26341,10,5,10,0.001,1.0,1.0,8,1000,5,30,"128, 64",swish,10
39815,10,5,10,0.001,1.0,1.0,8,5000,15,30,"128, 64",softmax,10
26325,10,5,10,0.001,1.0,1.0,8,1000,5,30,"128, 64",softmax,10
29825,10,5,10,0.001,1.0,1.0,8,1000,15,10,"128, 64",tanh,10
25095,10,5,10,0.001,1.0,1.0,8,1000,5,10,"128, 64, 64",softmax,10
30665,10,5,10,0.001,1.0,1.0,8,1000,15,20,"128, 64",sigmoid,10
27131,10,5,10,0.001,1.0,1.0,8,1000,10,10,"128, 64",tanh,10
2771,10,5,10,0.001,1.0,1.0,4,1000,10,10,"128, 64",sigmoid,10
29507,10,5,10,0.001,1.0,1.0,8,1000,10,30,"128, 64, 64",sigmoid,10
6431,10,5,10,0.001,1.0,1.0,4,1000,15,20,"128, 64",tanh,10
13407,10,5,10,0.001,1.0,1.0,4,5000,10,30,"128, 64, 64",softmax,10
38895,10,5,10,0.001,1.0,1.0,8,5000,15,20,"128, 64",softmax,10
12323,10,5,10,0.001,1.0,1.0,4,5000,10,20,"128, 64, 64",relu,10
14597,10,5,10,0.001,1.0,1.0,4,5000,15,20,"128, 64",softmax,10
29585,10,5,10,0.001,1.0,1.0,8,1000,10,30,"128, 64, 64",softmax,10
29403,10,5,10,0.001,1.0,1.0,8,1000,10,30,"128, 64, 64",relu,10
20547,10,5,10,0.001,1.0,1.0,4,10000,10,20,"128, 64, 64",tanh,10
2887,10,5,10,0.001,1.0,1.0,4,1000,10,10,"128, 64",softmax,10
26317,10,5,10,0.001,1.0,1.0,8,1000,5,30,"128, 64",softmax,10
27817,10,5,10,0.001,1.0,1.0,8,1000,10,10,"128, 64, 64",softmax,10
29607,10,5,10,0.001,1.0,1.0,8,1000,10,30,"128, 64, 64",softmax,10
28725,10,5,10,0.001,1.0,1.0,8,1000,10,20,"128, 64, 64",softmax,10
32329,10,5,10,0.001,1.0,1.0,8,1000,15,30,"128, 64, 64",softmax,10
30493,10,5,10,0.001,1.0,1.0,8,1000,15,10,"128, 64, 64",softmax,10
28721,10,5,10,0.001,1.0,1.0,8,1000,10,20,"128, 64, 64",softmax,10
3797,10,5,10,0.001,1.0,1.0,4,1000,10,20,"128, 64",softmax,10
29595,10,5,10,0.001,1.0,1.0,8,1000,10,30,"128, 64, 64",softmax,10
6519,10,5,10,0.001,1.0,1.0,4,1000,15,20,"128, 64",softmax,10
25103,10,5,10,0.001,1.0,1.0,8,1000,5,10,"128, 64, 64",softmax,10
24369,10,5,10,0.001,1.0,1.0,8,1000,5,10,"128, 64",sigmoid,10
29821,10,5,10,0.001,1.0,1.0,8,1000,15,10,"128, 64",tanh,10
30429,10,5,10,0.001,1.0,1.0,8,1000,15,10,"128, 64, 64",tanh,10
1093,10,5,10,0.001,1.0,1.0,4,1000,5,20,"128, 64",softmax,10
6551,10,5,10,0.001,1.0,1.0,4,1000,15,20,"128, 64",swish,10
29941,10,5,10,0.001,1.0,1.0,8,1000,15,10,"128, 64",swish,10
2593,10,5,10,0.001,1.0,1.0,4,1000,5,30,"128, 64, 64",softmax,10
25393,10,5,10,0.001,1.0,1.0,8,1000,5,20,"128, 64",softmax,10
37111,10,5,10,0.001,1.0,1.0,8,5000,10,30,"128, 64",softmax,10
30831,10,5,10,0.001,1.0,1.0,8,1000,15,20,"128, 64",softmax,10
24517,10,5,10,0.001,1.0,1.0,8,1000,5,10,"128, 64",softmax,10
29903,10,5,10,0.001,1.0,1.0,8,1000,15,10,"128, 64",softmax,10
36269,10,5,10,0.001,1.0,1.0,8,5000,10,20,"128, 64",swish,10
1085,10,5,10,0.001,1.0,1.0,4,1000,5,20,"128, 64",softmax,10
24969,10,5,10,0.001,1.0,1.0,8,1000,5,10,"128, 64, 64",sigmoid,10
28809,10,5,10,0.001,1.0,1.0,8,1000,10,30,"128, 64",relu,10
2761,10,5,10,0.001,1.0,1.0,4,1000,10,10,"128, 64",sigmoid,10
38695,10,5,10,0.001,1.0,1.0,8,5000,15,10,"128, 64, 64",swish,10
27225,10,5,10,0.001,1.0,1.0,8,1000,10,10,"128, 64",softmax,10
11615,10,5,10,0.001,1.0,1.0,4,5000,10,10,"128, 64, 64",softmax,10
7127,10,5,10,0.001,1.0,1.0,4,1000,15,20,"128, 64, 64",softmax,10
38665,10,5,10,0.001,1.0,1.0,8,5000,15,10,"128, 64, 64",swish,10
29975,10,5,10,0.001,1.0,1.0,8,1000,15,10,"128, 64",swish,10
13423,10,5,10,0.001,1.0,1.0,4,5000,10,30,"128, 64, 64",softmax,10
27255,10,5,10,0.001,1.0,1.0,8,1000,10,10,"128, 64",swish,10
24497,10,5,10,0.001,1.0,1.0,8,1000,5,10,"128, 64",softmax,10
8713,10,5,10,0.001,1.0,1.0,4,5000,5,10,"128, 64, 64",relu,10
26701,10,5,10,0.001,1.0,1.0,8,1000,5,30,"128, 64, 64",relu,10
32315,10,5,10,0.001,1.0,1.0,8,1000,15,30,"128, 64, 64",softmax,10
15023,10,5,10,0.001,1.0,1.0,4,5000,15,20,"128, 64, 64",relu,10
26283,10,5,10,0.001,1.0,1.0,8,1000,5,30,"128, 64",softmax,10
63,10,5,10,0.001,1.0,1.0,4,1000,5,10,"128, 64",sigmoid,10
22667,10,5,10,0.001,1.0,1.0,4,10000,15,20,"128, 64",tanh,10
1743,10,5,10,0.001,1.0,1.0,4,1000,5,20,"128, 64, 64",swish,10
12867,10,5,10,0.001,1.0,1.0,4,5000,10,30,"128, 64",swish,10
7095,10,5,10,0.001,1.0,1.0,4,1000,15,20,"128, 64, 64",softmax,10
29829,10,5,10,0.001,1.0,1.0,8,1000,15,10,"128, 64",tanh,10
251,10,5,10,0.001,1.0,1.0,4,1000,5,10,"128, 64",swish,10
1751,10,5,10,0.001,1.0,1.0,4,1000,5,20,"128, 64, 64",swish,10
26913,10,5,10,0.001,1.0,1.0,8,1000,5,30,"128, 64, 64",softmax,10
29929,10,5,10,0.001,1.0,1.0,8,1000,15,10,"128, 64",softmax,10
27819,10,5,10,0.001,1.0,1.0,8,1000,10,10,"128, 64, 64",softmax,10
25861,10,5,10,0.001,1.0,1.0,8,1000,5,20,"128, 64, 64",sigmoid,10
26345,10,5,10,0.001,1.0,1.0,8,1000,5,30,"128, 64",swish,10
25261,10,5,10,0.001,1.0,1.0,8,1000,5,20,"128, 64",sigmoid,10
28801,10,5,10,0.001,1.0,1.0,8,1000,10,30,"128, 64",relu,10
29439,10,5,10,0.001,1.0,1.0,8,1000,10,30,"128, 64, 64",relu,10
26015,10,5,10,0.001,1.0,1.0,8,1000,5,20,"128, 64, 64",softmax,10
8899,10,5,10,0.001,1.0,1.0,4,5000,5,10,"128, 64, 64",softmax,10
29631,10,5,10,0.001,1.0,1.0,8,1000,10,30,"128, 64, 64",softmax,10
13425,10,5,10,0.001,1.0,1.0,4,5000,10,30,"128, 64, 64",softmax,10
26295,10,5,10,0.001,1.0,1.0,8,1000,5,30,"128, 64",softmax,10
7097,10,5,10,0.001,1.0,1.0,4,1000,15,20,"128, 64, 64",softmax,10
38615,10,5,10,0.001,1.0,1.0,8,5000,15,10,"128, 64, 64",softmax,10
15529,10,5,10,0.001,1.0,1.0,4,5000,15,30,"128, 64",softmax,10
9275,10,5,10,0.001,1.0,1.0,4,5000,5,20,"128, 64",swish,10
8033,10,5,10,0.001,1.0,1.0,4,1000,15,30,"128, 64, 64",softmax,10
30543,10,5,10,0.001,1.0,1.0,8,1000,15,10,"128, 64, 64",swish,10
1959,10,5,10,0.001,1.0,1.0,4,1000,5,30,"128, 64",tanh,10
23389,10,5,10,0.001,1.0,1.0,4,10000,15,20,"128, 64, 64",swish,10
29465,10,5,10,0.001,1.0,1.0,8,1000,10,30,"128, 64, 64",sigmoid,10
31211,10,5,10,0.001,1.0,1.0,8,1000,15,20,"128, 64, 64",relu,10
3789,10,5,10,0.001,1.0,1.0,4,1000,10,20,"128, 64",softmax,10
31385,10,5,10,0.001,1.0,1.0,8,1000,15,20,"128, 64, 64",softmax,10
25117,10,5,10,0.001,1.0,1.0,8,1000,5,10,"128, 64, 64",softmax,10
603,10,5,10,0.001,1.0,1.0,4,1000,5,10,"128, 64, 64",relu,10
30781,10,5,10,0.001,1.0,1.0,8,1000,15,20,"128, 64",softmax,10
34955,10,5,10,0.001,1.0,1.0,8,5000,5,30,"128, 64, 64",tanh,10
22227,10,5,10,0.001,1.0,1.0,4,10000,15,10,"128, 64, 64",relu,10
28101,10,5,10,0.001,1.0,1.0,8,1000,10,20,"128, 64",softmax,10
27783,10,5,10,0.001,1.0,1.0,8,1000,10,10,"128, 64, 64",softmax,10
26709,10,5,10,0.001,1.0,1.0,8,1000,5,30,"128, 64, 64",relu,10
2895,10,5,10,0.001,1.0,1.0,4,1000,10,10,"128, 64",softmax,10
28787,10,5,10,0.001,1.0,1.0,8,1000,10,20,"128, 64, 64",swish,10
8039,10,5,10,0.001,1.0,1.0,4,1000,15,30,"128, 64, 64",softmax,10
25847,10,5,10,0.001,1.0,1.0,8,1000,5,20,"128, 64, 64",relu,10
29827,10,5,10,0.001,1.0,1.0,8,1000,15,10,"128, 64",tanh,10
3819,10,5,10,0.001,1.0,1.0,4,1000,10,20,"128, 64",softmax,10
28123,10,5,10,0.001,1.0,1.0,8,1000,10,20,"128, 64",softmax,10
32103,10,5,10,0.001,1.0,1.0,8,1000,15,30,"128, 64, 64",relu,10
1679,10,5,10,0.001,1.0,1.0,4,1000,5,20,"128, 64, 64",tanh,10
24029,10,5,10,0.001,1.0,1.0,4,10000,15,30,"128, 64, 64",relu,10
27781,10,5,10,0.001,1.0,1.0,8,1000,10,10,"128, 64, 64",softmax,10
31391,10,5,10,0.001,1.0,1.0,8,1000,15,20,"128, 64, 64",softmax,10
5285,10,5,10,0.001,1.0,1.0,4,1000,10,30,"128, 64, 64",softmax,10
795,10,5,10,0.001,1.0,1.0,4,1000,5,10,"128, 64, 64",softmax,10
25081,10,5,10,0.001,1.0,1.0,8,1000,5,10,"128, 64, 64",softmax,10
5303,10,5,10,0.001,1.0,1.0,4,1000,10,30,"128, 64, 64",softmax,10
38633,10,5,10,0.001,1.0,1.0,8,5000,15,10,"128, 64, 64",softmax,10
28127,10,5,10,0.001,1.0,1.0,8,1000,10,20,"128, 64",softmax,10
29901,10,5,10,0.001,1.0,1.0,8,1000,15,10,"128, 64",softmax,10
21331,10,5,10,0.001,1.0,1.0,4,10000,10,30,"128, 64, 64",relu,10
27123,10,5,10,0.001,1.0,1.0,8,1000,10,10,"128, 64",tanh,10
3801,10,5,10,0.001,1.0,1.0,4,1000,10,20,"128, 64",softmax,10
29947,10,5,10,0.001,1.0,1.0,8,1000,15,10,"128, 64",swish,10
27065,10,5,10,0.001,1.0,1.0,8,1000,10,10,"128, 64",sigmoid,10
29407,10,5,10,0.001,1.0,1.0,8,1000,10,30,"128, 64, 64",relu,10
12859,10,5,10,0.001,1.0,1.0,4,5000,10,30,"128, 64",swish,10
28643,10,5,10,0.001,1.0,1.0,8,1000,10,20,"128, 64, 64",tanh,10
13367,10,5,10,0.001,1.0,1.0,4,5000,10,30,"128, 64, 64",tanh,10
15195,10,5,10,0.001,1.0,1.0,4,5000,15,20,"128, 64, 64",softmax,10
29401,10,5,10,0.001,1.0,1.0,8,1000,10,30,"128, 64, 64",relu,10
2023,10,5,10,0.001,1.0,1.0,4,1000,5,30,"128, 64",softmax,10
1985,10,5,10,0.001,1.0,1.0,4,1000,5,30,"128, 64",softmax,10
39507,10,5,10,0.001,1.0,1.0,8,5000,15,20,"128, 64, 64",softmax,10
38427,10,5,10,0.001,1.0,1.0,8,5000,15,10,"128, 64, 64",relu,10
25429,10,5,10,0.001,1.0,1.0,8,1000,5,20,"128, 64",softmax,10
27227,10,5,10,0.001,1.0,1.0,8,1000,10,10,"128, 64",softmax,10
34381,10,5,10,0.001,1.0,1.0,8,5000,5,30,"128, 64",softmax,10
22475,10,5,10,0.001,1.0,1.0,4,10000,15,10,"128, 64, 64",swish,10
29043,10,5,10,0.001,1.0,1.0,8,1000,10,30,"128, 64",swish,10
803,10,5,10,0.001,1.0,1.0,4,1000,5,10,"128, 64, 64",softmax,10
26223,10,5,10,0.001,1.0,1.0,8,1000,5,30,"128, 64",tanh,10
26103,10,5,10,0.001,1.0,1.0,8,1000,5,30,"128, 64",relu,10
25267,10,5,10,0.001,1.0,1.0,8,1000,5,20,"128, 64",sigmoid,10
3803,10,5,10,0.001,1.0,1.0,4,1000,10,20,"128, 64",softmax,10
27793,10,5,10,0.001,1.0,1.0,8,1000,10,10,"128, 64, 64",softmax,10
26767,10,5,10,0.001,1.0,1.0,8,1000,5,30,"128, 64, 64",sigmoid,10
29597,10,5,10,0.001,1.0,1.0,8,1000,10,30,"128, 64, 64",softmax,10
2943,10,5,10,0.001,1.0,1.0,4,1000,10,10,"128, 64",swish,10
185,10,5,10,0.001,1.0,1.0,4,1000,5,10,"128, 64",softmax,10
30843,10,5,10,0.001,1.0,1.0,8,1000,15,20,"128, 64",swish,10
21597,10,5,10,0.001,1.0,1.0,4,10000,10,30,"128, 64, 64",swish,10
30523,10,5,10,0.001,1.0,1.0,8,1000,15,10,"128, 64, 64",softmax,10
1999,10,5,10,0.001,1.0,1.0,4,1000,5,30,"128, 64",softmax,10
11031,10,5,10,0.001,1.0,1.0,4,5000,10,10,"128, 64",softmax,10
20815,10,5,10,0.001,1.0,1.0,4,10000,10,30,"128, 64",sigmoid,10
26299,10,5,10,0.001,1.0,1.0,8,1000,5,30,"128, 64",softmax,10
27191,10,5,10,0.001,1.0,1.0,8,1000,10,10,"128, 64",softmax,10
25395,10,5,10,0.001,1.0,1.0,8,1000,5,20,"128, 64",softmax,10
38009,10,5,10,0.001,1.0,1.0,8,5000,15,10,"128, 64",softmax,10
10827,10,5,10,0.001,1.0,1.0,4,5000,10,10,"128, 64",relu,10
6517,10,5,10,0.001,1.0,1.0,4,1000,15,20,"128, 64",softmax,10
27969,10,5,10,0.001,1.0,1.0,8,1000,10,20,"128, 64",sigmoid,10
28511,10,5,10,0.001,1.0,1.0,8,1000,10,20,"128, 64, 64",relu,10
27179,10,5,10,0.001,1.0,1.0,8,1000,10,10,"128, 64",tanh,10
27071,10,5,10,0.001,1.0,1.0,8,1000,10,10,"128, 64",sigmoid,10
14579,10,5,10,0.001,1.0,1.0,4,5000,15,20,"128, 64",tanh,10
28805,10,5,10,0.001,1.0,1.0,8,1000,10,30,"128, 64",relu,10
2883,10,5,10,0.001,1.0,1.0,4,1000,10,10,"128, 64",softmax,10
7091,10,5,10,0.001,1.0,1.0,4,1000,15,20,"128, 64, 64",softmax,10
27609,10,5,10,0.001,1.0,1.0,8,1000,10,10,"128, 64, 64",relu,10
25987,10,5,10,0.001,1.0,1.0,8,1000,5,20,"128, 64, 64",softmax,10
7083,10,5,10,0.001,1.0,1.0,4,1000,15,20,"128, 64, 64",softmax,10
30797,10,5,10,0.001,1.0,1.0,8,1000,15,20,"128, 64",softmax,10
34981,10,5,10,0.001,1.0,1.0,8,5000,5,30,"128, 64, 64",softmax,10
14409,10,5,10,0.001,1.0,1.0,4,5000,15,20,"128, 64",relu,10
8009,10,5,10,0.001,1.0,1.0,4,1000,15,30,"128, 64, 64",softmax,10
25425,10,5,10,0.001,1.0,1.0,8,1000,5,20,"128, 64",softmax,10
2021,10,5,10,0.001,1.0,1.0,4,1000,5,30,"128, 64",softmax,10
25265,10,5,10,0.001,1.0,1.0,8,1000,5,20,"128, 64",sigmoid,10
1941,10,5,10,0.001,1.0,1.0,4,1000,5,30,"128, 64",tanh,10
29943,10,5,10,0.001,1.0,1.0,8,1000,15,10,"128, 64",swish,10
2703,10,5,10,0.001,1.0,1.0,4,1000,10,10,"128, 64",relu,10
13387,10,5,10,0.001,1.0,1.0,4,5000,10,30,"128, 64, 64",softmax,10
34805,10,5,10,0.001,1.0,1.0,8,5000,5,30,"128, 64, 64",relu,10
18891,10,5,10,0.001,1.0,1.0,4,10000,5,30,"128, 64, 64",swish,10
26895,10,5,10,0.001,1.0,1.0,8,1000,5,30,"128, 64, 64",softmax,10
3517,10,5,10,0.001,1.0,1.0,4,1000,10,10,"128, 64, 64",softmax,10
36081,10,5,10,0.001,1.0,1.0,8,5000,10,20,"128, 64",sigmoid,10
25401,10,5,10,0.001,1.0,1.0,8,1000,5,20,"128, 64",softmax,10
1763,10,5,10,0.001,1.0,1.0,4,1000,5,20,"128, 64, 64",swish,10
29025,10,5,10,0.001,1.0,1.0,8,1000,10,30,"128, 64",softmax,10
22247,10,5,10,0.001,1.0,1.0,4,10000,15,10,"128, 64, 64",relu,10
16235,10,5,10,0.001,1.0,1.0,4,10000,5,10,"128, 64",relu,10
14623,10,5,10,0.001,1.0,1.0,4,5000,15,20,"128, 64",softmax,10
30601,10,5,10,0.001,1.0,1.0,8,1000,15,20,"128, 64",relu,10
7133,10,5,10,0.001,1.0,1.0,4,1000,15,20,"128, 64, 64",softmax,10
2763,10,5,10,0.001,1.0,1.0,4,1000,10,10,"128, 64",sigmoid,10
13417,10,5,10,0.001,1.0,1.0,4,5000,10,30,"128, 64, 64",softmax,10
12815,10,5,10,0.001,1.0,1.0,4,5000,10,30,"128, 64",softmax,10
15291,10,5,10,0.001,1.0,1.0,4,5000,15,20,"128, 64, 64",swish,10
27671,10,5,10,0.001,1.0,1.0,8,1000,10,10,"128, 64, 64",sigmoid,10
28931,10,5,10,0.001,1.0,1.0,8,1000,10,30,"128, 64",tanh,10
30365,10,5,10,0.001,1.0,1.0,8,1000,15,10,"128, 64, 64",sigmoid,10
26003,10,5,10,0.001,1.0,1.0,8,1000,5,20,"128, 64, 64",softmax,10
7123,10,5,10,0.001,1.0,1.0,4,1000,15,20,"128, 64, 64",softmax,10
11665,10,5,10,0.001,1.0,1.0,4,5000,10,10,"128, 64, 64",swish,10
5387,10,5,10,0.001,1.0,1.0,4,1000,10,30,"128, 64, 64",swish,10
27803,10,5,10,0.001,1.0,1.0,8,1000,10,10,"128, 64, 64",softmax,10
11695,10,5,10,0.001,1.0,1.0,4,5000,10,10,"128, 64, 64",swish,10
16971,10,5,10,0.001,1.0,1.0,4,10000,5,10,"128, 64, 64",tanh,10
26043,10,5,10,0.001,1.0,1.0,8,1000,5,20,"128, 64, 64",swish,10
27821,10,5,10,0.001,1.0,1.0,8,1000,10,10,"128, 64, 64",softmax,10
38403,10,5,10,0.001,1.0,1.0,8,5000,15,10,"128, 64, 64",relu,10
31399,10,5,10,0.001,1.0,1.0,8,1000,15,20,"128, 64, 64",softmax,10
30827,10,5,10,0.001,1.0,1.0,8,1000,15,20,"128, 64",softmax,10
15251,10,5,10,0.001,1.0,1.0,4,5000,15,20,"128, 64, 64",swish,10
26293,10,5,10,0.001,1.0,1.0,8,1000,5,30,"128, 64",softmax,10
23289,10,5,10,0.001,1.0,1.0,4,10000,15,20,"128, 64, 64",softmax,10
31703,10,5,10,0.001,1.0,1.0,8,1000,15,30,"128, 64",softmax,10
25399,10,5,10,0.001,1.0,1.0,8,1000,5,20,"128, 64",softmax,10
34167,10,5,10,0.001,1.0,1.0,8,5000,5,20,"128, 64, 64",swish,10
32327,10,5,10,0.001,1.0,1.0,8,1000,15,30,"128, 64, 64",softmax,10
1031,10,5,10,0.001,1.0,1.0,4,1000,5,20,"128, 64",tanh,10
25269,10,5,10,0.001,1.0,1.0,8,1000,5,20,"128, 64",sigmoid,10
27197,10,5,10,0.001,1.0,1.0,8,1000,10,10,"128, 64",softmax,10
6903,10,5,10,0.001,1.0,1.0,4,1000,15,20,"128, 64, 64",relu,10
32295,10,5,10,0.001,1.0,1.0,8,1000,15,30,"128, 64, 64",softmax,10
21647,10,5,10,0.001,1.0,1.0,4,10000,15,10,"128, 64",relu,10
36019,10,5,10,0.001,1.0,1.0,8,5000,10,20,"128, 64",relu,10
2835,10,5,10,0.001,1.0,1.0,4,1000,10,10,"128, 64",tanh,10
19977,10,5,10,0.001,1.0,1.0,4,10000,10,20,"128, 64",tanh,10
30545,10,5,10,0.001,1.0,1.0,8,1000,15,10,"128, 64, 64",swish,10
27789,10,5,10,0.001,1.0,1.0,8,1000,10,10,"128, 64, 64",softmax,10
12669,10,5,10,0.001,1.0,1.0,4,5000,10,30,"128, 64",sigmoid,10
27843,10,5,10,0.001,1.0,1.0,8,1000,10,10,"128, 64, 64",swish,10
21553,10,5,10,0.001,1.0,1.0,4,10000,10,30,"128, 64, 64",swish,10
30787,10,5,10,0.001,1.0,1.0,8,1000,15,20,"128, 64",softmax,10
27217,10,5,10,0.001,1.0,1.0,8,1000,10,10,"128, 64",softmax,10
23385,10,5,10,0.001,1.0,1.0,4,10000,15,20,"128, 64, 64",swish,10
30301,10,5,10,0.001,1.0,1.0,8,1000,15,10,"128, 64, 64",relu,10
26705,10,5,10,0.001,1.0,1.0,8,1000,5,30,"128, 64, 64",relu,10
36837,10,5,10,0.001,1.0,1.0,8,5000,10,20,"128, 64, 64",softmax,10
14477,10,5,10,0.001,1.0,1.0,4,5000,15,20,"128, 64",sigmoid,10
19779,10,5,10,0.001,1.0,1.0,4,10000,10,10,"128, 64, 64",swish,10
13415,10,5,10,0.001,1.0,1.0,4,5000,10,30,"128, 64, 64",softmax,10
3793,10,5,10,0.001,1.0,1.0,4,1000,10,20,"128, 64",softmax,10
3371,10,5,10,0.001,1.0,1.0,4,1000,10,10,"128, 64, 64",sigmoid,10
15215,10,5,10,0.001,1.0,1.0,4,5000,15,20,"128, 64, 64",softmax,10
3731,10,5,10,0.001,1.0,1.0,4,1000,10,20,"128, 64",tanh,10
30669,10,5,10,0.001,1.0,1.0,8,1000,15,20,"128, 64",sigmoid,10
31503,10,5,10,0.001,1.0,1.0,8,1000,15,30,"128, 64",relu,10
29619,10,5,10,0.001,1.0,1.0,8,1000,10,30,"128, 64, 64",softmax,10
22347,10,5,10,0.001,1.0,1.0,4,10000,15,10,"128, 64, 64",tanh,10
27851,10,5,10,0.001,1.0,1.0,8,1000,10,10,"128, 64, 64",swish,10
28999,10,5,10,0.001,1.0,1.0,8,1000,10,30,"128, 64",softmax,10
3661,10,5,10,0.001,1.0,1.0,4,1000,10,20,"128, 64",sigmoid,10
26221,10,5,10,0.001,1.0,1.0,8,1000,5,30,"128, 64",tanh,10
26847,10,5,10,0.001,1.0,1.0,8,1000,5,30,"128, 64, 64",tanh,10
24361,10,5,10,0.001,1.0,1.0,8,1000,5,10,"128, 64",sigmoid,10
26109,10,5,10,0.001,1.0,1.0,8,1000,5,30,"128, 64",relu,10
1681,10,5,10,0.001,1.0,1.0,4,1000,5,20,"128, 64, 64",softmax,10
26107,10,5,10,0.001,1.0,1.0,8,1000,5,30,"128, 64",relu,10
30785,10,5,10,0.001,1.0,1.0,8,1000,15,20,"128, 64",softmax,10
25811,10,5,10,0.001,1.0,1.0,8,1000,5,20,"128, 64, 64",relu,10
31387,10,5,10,0.001,1.0,1.0,8,1000,15,20,"128, 64, 64",softmax,10
1981,10,5,10,0.001,1.0,1.0,4,1000,5,30,"128, 64",softmax,10
30421,10,5,10,0.001,1.0,1.0,8,1000,15,10,"128, 64, 64",tanh,10
3841,10,5,10,0.001,1.0,1.0,4,1000,10,20,"128, 64",swish,10
25123,10,5,10,0.001,1.0,1.0,8,1000,5,10,"128, 64, 64",softmax,10
29049,10,5,10,0.001,1.0,1.0,8,1000,10,30,"128, 64",swish,10
30605,10,5,10,0.001,1.0,1.0,8,1000,15,20,"128, 64",relu,10
7125,10,5,10,0.001,1.0,1.0,4,1000,15,20,"128, 64, 64",softmax,10
1097,10,5,10,0.001,1.0,1.0,4,1000,5,20,"128, 64",softmax,10
24549,10,5,10,0.001,1.0,1.0,8,1000,5,10,"128, 64",swish,10
6365,10,5,10,0.001,1.0,1.0,4,1000,15,20,"128, 64",sigmoid,10
3671,10,5,10,0.001,1.0,1.0,4,1000,10,20,"128, 64",sigmoid,10
26171,10,5,10,0.001,1.0,1.0,8,1000,5,30,"128, 64",sigmoid,10
7023,10,5,10,0.001,1.0,1.0,4,1000,15,20,"128, 64, 64",tanh,10
28861,10,5,10,0.001,1.0,1.0,8,1000,10,30,"128, 64",sigmoid,10
12899,10,5,10,0.001,1.0,1.0,4,5000,10,30,"128, 64",swish,10
39405,10,5,10,0.001,1.0,1.0,8,5000,15,20,"128, 64, 64",sigmoid,10
17855,10,5,10,0.001,1.0,1.0,4,10000,5,20,"128, 64, 64",tanh,10
787,10,5,10,0.001,1.0,1.0,4,1000,5,10,"128, 64, 64",softmax,10
6311,10,5,10,0.001,1.0,1.0,4,1000,15,20,"128, 64",relu,10
27189,10,5,10,0.001,1.0,1.0,8,1000,10,10,"128, 64",softmax,10
26017,10,5,10,0.001,1.0,1.0,8,1000,5,20,"128, 64, 64",softmax,10
3407,10,5,10,0.001,1.0,1.0,4,1000,10,10,"128, 64, 64",sigmoid,10
3831,10,5,10,0.001,1.0,1.0,4,1000,10,20,"128, 64",softmax,10
12791,10,5,10,0.001,1.0,1.0,4,5000,10,30,"128, 64",softmax,10
27199,10,5,10,0.001,1.0,1.0,8,1000,10,10,"128, 64",softmax,10
10947,10,5,10,0.001,1.0,1.0,4,5000,10,10,"128, 64",tanh,10
27601,10,5,10,0.001,1.0,1.0,8,1000,10,10,"128, 64, 64",relu,10
1725,10,5,10,0.001,1.0,1.0,4,1000,5,20,"128, 64, 64",softmax,10
8999,10,5,10,0.001,1.0,1.0,4,5000,5,10,"128, 64, 64",swish,10
17015,10,5,10,0.001,1.0,1.0,4,10000,5,10,"128, 64, 64",softmax,10
30803,10,5,10,0.001,1.0,1.0,8,1000,15,20,"128, 64",softmax,10
26101,10,5,10,0.001,1.0,1.0,8,1000,5,30,"128, 64",relu,10
25105,10,5,10,0.001,1.0,1.0,8,1000,5,10,"128, 64, 64",softmax,10
26165,10,5,10,0.001,1.0,1.0,8,1000,5,30,"128, 64",sigmoid,10
35913,10,5,10,0.001,1.0,1.0,8,5000,10,10,"128, 64, 64",softmax,10
2765,10,5,10,0.001,1.0,1.0,4,1000,10,10,"128, 64",sigmoid,10
1121,10,5,10,0.001,1.0,1.0,4,1000,5,20,"128, 64",softmax,10
3847,10,5,10,0.001,1.0,1.0,4,1000,10,20,"128, 64",swish,10
25325,10,5,10,0.001,1.0,1.0,8,1000,5,20,"128, 64",tanh,10
31419,10,5,10,0.001,1.0,1.0,8,1000,15,20,"128, 64, 64",softmax,10
1689,10,5,10,0.001,1.0,1.0,4,1000,5,20,"128, 64, 64",softmax,10
183,10,5,10,0.001,1.0,1.0,4,1000,5,10,"128, 64",softmax,10
189,10,5,10,0.001,1.0,1.0,4,1000,5,10,"128, 64",softmax,10
18923,10,5,10,0.001,1.0,1.0,4,10000,10,10,"128, 64",relu,10
3795,10,5,10,0.001,1.0,1.0,4,1000,10,20,"128, 64",softmax,10
6491,10,5,10,0.001,1.0,1.0,4,1000,15,20,"128, 64",softmax,10
25381,10,5,10,0.001,1.0,1.0,8,1000,5,20,"128, 64",softmax,10
2405,10,5,10,0.001,1.0,1.0,4,1000,5,30,"128, 64, 64",relu,10
25389,10,5,10,0.001,1.0,1.0,8,1000,5,20,"128, 64",softmax,10
24485,10,5,10,0.001,1.0,1.0,8,1000,5,10,"128, 64",softmax,10
1687,10,5,10,0.001,1.0,1.0,4,1000,5,20,"128, 64, 64",softmax,10
25121,10,5,10,0.001,1.0,1.0,8,1000,5,10,"128, 64, 64",softmax,10
26899,10,5,10,0.001,1.0,1.0,8,1000,5,30,"128, 64, 64",softmax,10
38939,10,5,10,0.001,1.0,1.0,8,5000,15,20,"128, 64",softmax,10
39829,10,5,10,0.001,1.0,1.0,8,5000,15,30,"128, 64",softmax,10
10573,10,5,10,0.001,1.0,1.0,4,5000,5,30,"128, 64, 64",sigmoid,10
225,10,5,10,0.001,1.0,1.0,4,1000,5,10,"128, 64",softmax,10
27067,10,5,10,0.001,1.0,1.0,8,1000,10,10,"128, 64",sigmoid,10
29047,10,5,10,0.001,1.0,1.0,8,1000,10,30,"128, 64",swish,10
25997,10,5,10,0.001,1.0,1.0,8,1000,5,20,"128, 64, 64",softmax,10
25367,10,5,10,0.001,1.0,1.0,8,1000,5,20,"128, 64",tanh,10
16973,10,5,10,0.001,1.0,1.0,4,10000,5,10,"128, 64, 64",tanh,10
3455,10,5,10,0.001,1.0,1.0,4,1000,10,10,"128, 64, 64",tanh,10
65,10,5,10,0.001,1.0,1.0,4,1000,5,10,"128, 64",sigmoid,10
24487,10,5,10,0.001,1.0,1.0,8,1000,5,10,"128, 64",softmax,10
25443,10,5,10,0.001,1.0,1.0,8,1000,5,20,"128, 64",swish,10
21449,10,5,10,0.001,1.0,1.0,4,10000,10,30,"128, 64, 64",tanh,10
2591,10,5,10,0.001,1.0,1.0,4,1000,5,30,"128, 64, 64",softmax,10
19635,10,5,10,0.001,1.0,1.0,4,10000,10,10,"128, 64, 64",tanh,10
3849,10,5,10,0.001,1.0,1.0,4,1000,10,20,"128, 64",swish,10
3489,10,5,10,0.001,1.0,1.0,4,1000,10,10,"128, 64, 64",softmax,10
3651,10,5,10,0.001,1.0,1.0,4,1000,10,20,"128, 64",relu,10
38607,10,5,10,0.001,1.0,1.0,8,5000,15,10,"128, 64, 64",softmax,10
13705,10,5,10,0.001,1.0,1.0,4,5000,15,10,"128, 64",softmax,10
14627,10,5,10,0.001,1.0,1.0,4,5000,15,20,"128, 64",softmax,10
1995,10,5,10,0.001,1.0,1.0,4,1000,5,30,"128, 64",softmax,10
15217,10,5,10,0.001,1.0,1.0,4,5000,15,20,"128, 64, 64",softmax,10
24307,10,5,10,0.001,1.0,1.0,8,1000,5,10,"128, 64",relu,10
10597,10,5,10,0.001,1.0,1.0,4,5000,5,30,"128, 64, 64",sigmoid,10
28831,10,5,10,0.001,1.0,1.0,8,1000,10,30,"128, 64",relu,10
14455,10,5,10,0.001,1.0,1.0,4,5000,15,20,"128, 64",relu,10
22729,10,5,10,0.001,1.0,1.0,4,10000,15,20,"128, 64",softmax,10
28103,10,5,10,0.001,1.0,1.0,8,1000,10,20,"128, 64",softmax,10
8929,10,5,10,0.001,1.0,1.0,4,5000,5,10,"128, 64, 64",softmax,10
33153,10,5,10,0.001,1.0,1.0,8,5000,5,10,"128, 64, 64",tanh,10
2919,10,5,10,0.001,1.0,1.0,4,1000,10,10,"128, 64",softmax,10
227,10,5,10,0.001,1.0,1.0,4,1000,5,10,"128, 64",softmax,10
821,10,5,10,0.001,1.0,1.0,4,1000,5,10,"128, 64, 64",softmax,10
1571,10,5,10,0.001,1.0,1.0,4,1000,5,20,"128, 64, 64",sigmoid,10
3663,10,5,10,0.001,1.0,1.0,4,1000,10,20,"128, 64",sigmoid,10
30525,10,5,10,0.001,1.0,1.0,8,1000,15,10,"128, 64, 64",softmax,10
1823,10,5,10,0.001,1.0,1.0,4,1000,5,30,"128, 64",relu,10
2585,10,5,10,0.001,1.0,1.0,4,1000,5,30,"128, 64, 64",softmax,10
26167,10,5,10,0.001,1.0,1.0,8,1000,5,30,"128, 64",sigmoid,10
8017,10,5,10,0.001,1.0,1.0,4,1000,15,30,"128, 64, 64",softmax,10
1693,10,5,10,0.001,1.0,1.0,4,1000,5,20,"128, 64, 64",softmax,10
38007,10,5,10,0.001,1.0,1.0,8,5000,15,10,"128, 64",softmax,10
819,10,5,10,0.001,1.0,1.0,4,1000,5,10,"128, 64, 64",softmax,10
27223,10,5,10,0.001,1.0,1.0,8,1000,10,10,"128, 64",softmax,10
22787,10,5,10,0.001,1.0,1.0,4,10000,15,20,"128, 64",swish,10
3369,10,5,10,0.001,1.0,1.0,4,1000,10,10,"128, 64, 64",sigmoid,10
2711,10,5,10,0.001,1.0,1.0,4,1000,10,10,"128, 64",relu,10
3525,10,5,10,0.001,1.0,1.0,4,1000,10,10,"128, 64, 64",softmax,10
21501,10,5,10,0.001,1.0,1.0,4,10000,10,30,"128, 64, 64",softmax,10
29609,10,5,10,0.001,1.0,1.0,8,1000,10,30,"128, 64, 64",softmax,10
20669,10,5,10,0.001,1.0,1.0,4,10000,10,20,"128, 64, 64",swish,10
30609,10,5,10,0.001,1.0,1.0,8,1000,15,20,"128, 64",relu,10
6901,10,5,10,0.001,1.0,1.0,4,1000,15,20,"128, 64, 64",relu,10
31721,10,5,10,0.001,1.0,1.0,8,1000,15,30,"128, 64",softmax,10
16081,10,5,10,0.001,1.0,1.0,4,5000,15,30,"128, 64, 64",softmax,10
31441,10,5,10,0.001,1.0,1.0,8,1000,15,20,"128, 64, 64",swish,10
16113,10,5,10,0.001,1.0,1.0,4,5000,15,30,"128, 64, 64",softmax,10
33231,10,5,10,0.001,1.0,1.0,8,5000,5,10,"128, 64, 64",softmax,10
13413,10,5,10,0.001,1.0,1.0,4,5000,10,30,"128, 64, 64",softmax,10
2523,10,5,10,0.001,1.0,1.0,4,1000,5,30,"128, 64, 64",tanh,10
25099,10,5,10,0.001,1.0,1.0,8,1000,5,10,"128, 64, 64",softmax,10
6423,10,5,10,0.001,1.0,1.0,4,1000,15,20,"128, 64",tanh,10
30363,10,5,10,0.001,1.0,1.0,8,1000,15,10,"128, 64, 64",sigmoid,10
30723,10,5,10,0.001,1.0,1.0,8,1000,15,20,"128, 64",tanh,10
25327,10,5,10,0.001,1.0,1.0,8,1000,5,20,"128, 64",tanh,10
1511,10,5,10,0.001,1.0,1.0,4,1000,5,20,"128, 64, 64",relu,10
31443,10,5,10,0.001,1.0,1.0,8,1000,15,20,"128, 64, 64",swish,10
25451,10,5,10,0.001,1.0,1.0,8,1000,5,20,"128, 64",swish,10
17073,10,5,10,0.001,1.0,1.0,4,10000,5,10,"128, 64, 64",swish,10
38405,10,5,10,0.001,1.0,1.0,8,5000,15,10,"128, 64, 64",relu,10
39479,10,5,10,0.001,1.0,1.0,8,5000,15,20,"128, 64, 64",tanh,10
31445,10,5,10,0.001,1.0,1.0,8,1000,15,20,"128, 64, 64",swish,10
25205,10,5,10,0.001,1.0,1.0,8,1000,5,20,"128, 64",relu,10
247,10,5,10,0.001,1.0,1.0,4,1000,5,10,"128, 64",swish,10
16187,10,5,10,0.001,1.0,1.0,4,5000,15,30,"128, 64, 64",swish,10
28719,10,5,10,0.001,1.0,1.0,8,1000,10,20,"128, 64, 64",softmax,10
29651,10,5,10,0.001,1.0,1.0,8,1000,10,30,"128, 64, 64",swish,10
28091,10,5,10,0.001,1.0,1.0,8,1000,10,20,"128, 64",softmax,10
25441,10,5,10,0.001,1.0,1.0,8,1000,5,20,"128, 64",swish,10
23369,10,5,10,0.001,1.0,1.0,4,10000,15,20,"128, 64, 64",swish,10
14413,10,5,10,0.001,1.0,1.0,4,5000,15,20,"128, 64",relu,10
35097,10,5,10,0.001,1.0,1.0,8,5000,5,30,"128, 64, 64",swish,10
24541,10,5,10,0.001,1.0,1.0,8,1000,5,10,"128, 64",swish,10
39581,10,5,10,0.001,1.0,1.0,8,5000,15,20,"128, 64, 64",swish,10
26023,10,5,10,0.001,1.0,1.0,8,1000,5,20,"128, 64, 64",softmax,10
36835,10,5,10,0.001,1.0,1.0,8,5000,10,20,"128, 64, 64",softmax,10
7919,10,5,10,0.001,1.0,1.0,4,1000,15,30,"128, 64, 64",sigmoid,10
30585,10,5,10,0.001,1.0,1.0,8,1000,15,10,"128, 64, 64",swish,10
28863,10,5,10,0.001,1.0,1.0,8,1000,10,30,"128, 64",sigmoid,10
9029,10,5,10,0.001,1.0,1.0,4,5000,5,20,"128, 64",relu,10
1861,10,5,10,0.001,1.0,1.0,4,1000,5,30,"128, 64",sigmoid,10
3431,10,5,10,0.001,1.0,1.0,4,1000,10,10,"128, 64, 64",tanh,10
30587,10,5,10,0.001,1.0,1.0,8,1000,15,10,"128, 64, 64",swish,10
7143,10,5,10,0.001,1.0,1.0,4,1000,15,20,"128, 64, 64",swish,10
21581,10,5,10,0.001,1.0,1.0,4,10000,10,30,"128, 64, 64",swish,10
13695,10,5,10,0.001,1.0,1.0,4,5000,15,10,"128, 64",softmax,10
18115,10,5,10,0.001,1.0,1.0,4,10000,5,30,"128, 64",sigmoid,10
3493,10,5,10,0.001,1.0,1.0,4,1000,10,10,"128, 64, 64",softmax,10
22335,10,5,10,0.001,1.0,1.0,4,10000,15,10,"128, 64, 64",tanh,10
14103,10,5,10,0.001,1.0,1.0,4,5000,15,10,"128, 64, 64",relu,10
1993,10,5,10,0.001,1.0,1.0,4,1000,5,30,"128, 64",softmax,10
2881,10,5,10,0.001,1.0,1.0,4,1000,10,10,"128, 64",softmax,10
8063,10,5,10,0.001,1.0,1.0,4,1000,15,30,"128, 64, 64",swish,10
13209,10,5,10,0.001,1.0,1.0,4,5000,10,30,"128, 64, 64",relu,10
12785,10,5,10,0.001,1.0,1.0,4,5000,10,30,"128, 64",softmax,10
29023,10,5,10,0.001,1.0,1.0,8,1000,10,30,"128, 64",softmax,10
27187,10,5,10,0.001,1.0,1.0,8,1000,10,10,"128, 64",softmax,10
36863,10,5,10,0.001,1.0,1.0,8,5000,10,20,"128, 64, 64",swish,10
6493,10,5,10,0.001,1.0,1.0,4,1000,15,20,"128, 64",softmax,10
2027,10,5,10,0.001,1.0,1.0,4,1000,5,30,"128, 64",softmax,10
24901,10,5,10,0.001,1.0,1.0,8,1000,5,10,"128, 64, 64",relu,10
3607,10,5,10,0.001,1.0,1.0,4,1000,10,20,"128, 64",relu,10
20435,10,5,10,0.001,1.0,1.0,4,10000,10,20,"128, 64, 64",relu,10
29405,10,5,10,0.001,1.0,1.0,8,1000,10,30,"128, 64, 64",relu,10
28507,10,5,10,0.001,1.0,1.0,8,1000,10,20,"128, 64, 64",relu,10
24367,10,5,10,0.001,1.0,1.0,8,1000,5,10,"128, 64",sigmoid,10
28751,10,5,10,0.001,1.0,1.0,8,1000,10,20,"128, 64, 64",swish,10
25863,10,5,10,0.001,1.0,1.0,8,1000,5,20,"128, 64, 64",sigmoid,10
6489,10,5,10,0.001,1.0,1.0,4,1000,15,20,"128, 64",softmax,10
27723,10,5,10,0.001,1.0,1.0,8,1000,10,10,"128, 64, 64",tanh,10
71,10,5,10,0.001,1.0,1.0,4,1000,5,10,"128, 64",sigmoid,10
35013,10,5,10,0.001,1.0,1.0,8,5000,5,30,"128, 64, 64",softmax,10
16079,10,5,10,0.001,1.0,1.0,4,5000,15,30,"128, 64, 64",tanh,10
28981,10,5,10,0.001,1.0,1.0,8,1000,10,30,"128, 64",softmax,10
2017,10,5,10,0.001,1.0,1.0,4,1000,5,30,"128, 64",softmax,10
14585,10,5,10,0.001,1.0,1.0,4,5000,15,20,"128, 64",softmax,10
2627,10,5,10,0.001,1.0,1.0,4,1000,5,30,"128, 64, 64",softmax,10
32311,10,5,10,0.001,1.0,1.0,8,1000,15,30,"128, 64, 64",softmax,10
1081,10,5,10,0.001,1.0,1.0,4,1000,5,20,"128, 64",softmax,10
25387,10,5,10,0.001,1.0,1.0,8,1000,5,20,"128, 64",softmax,10
23281,10,5,10,0.001,1.0,1.0,4,10000,15,20,"128, 64, 64",softmax,10
6501,10,5,10,0.001,1.0,1.0,4,1000,15,20,"128, 64",softmax,10
14411,10,5,10,0.001,1.0,1.0,4,5000,15,20,"128, 64",relu,10
28717,10,5,10,0.001,1.0,1.0,8,1000,10,20,"128, 64, 64",softmax,10
24363,10,5,10,0.001,1.0,1.0,8,1000,5,10,"128, 64",sigmoid,10
1805,10,5,10,0.001,1.0,1.0,4,1000,5,30,"128, 64",relu,10
28727,10,5,10,0.001,1.0,1.0,8,1000,10,20,"128, 64, 64",softmax,10
26231,10,5,10,0.001,1.0,1.0,8,1000,5,30,"128, 64",tanh,10
28095,10,5,10,0.001,1.0,1.0,8,1000,10,20,"128, 64",softmax,10
1869,10,5,10,0.001,1.0,1.0,4,1000,5,30,"128, 64",sigmoid,10
3665,10,5,10,0.001,1.0,1.0,4,1000,10,20,"128, 64",sigmoid,10
37713,10,5,10,0.001,1.0,1.0,8,5000,10,30,"128, 64, 64",softmax,10
7119,10,5,10,0.001,1.0,1.0,4,1000,15,20,"128, 64, 64",softmax,10
3361,10,5,10,0.001,1.0,1.0,4,1000,10,10,"128, 64, 64",sigmoid,10
24965,10,5,10,0.001,1.0,1.0,8,1000,5,10,"128, 64, 64",sigmoid,10
25869,10,5,10,0.001,1.0,1.0,8,1000,5,20,"128, 64, 64",sigmoid,10
1087,10,5,10,0.001,1.0,1.0,4,1000,5,20,"128, 64",softmax,10
31421,10,5,10,0.001,1.0,1.0,8,1000,15,20,"128, 64, 64",softmax,10
2705,10,5,10,0.001,1.0,1.0,4,1000,10,10,"128, 64",relu,10
27007,10,5,10,0.001,1.0,1.0,8,1000,10,10,"128, 64",relu,10
8833,10,5,10,0.001,1.0,1.0,4,5000,5,10,"128, 64, 64",tanh,10
30549,10,5,10,0.001,1.0,1.0,8,1000,15,10,"128, 64, 64",swish,10
3521,10,5,10,0.001,1.0,1.0,4,1000,10,10,"128, 64, 64",softmax,10
29521,10,5,10,0.001,1.0,1.0,8,1000,10,30,"128, 64, 64",tanh,10
21323,10,5,10,0.001,1.0,1.0,4,10000,10,30,"128, 64, 64",relu,10
25955,10,5,10,0.001,1.0,1.0,8,1000,5,20,"128, 64, 64",tanh,10
25311,10,5,10,0.001,1.0,1.0,8,1000,5,20,"128, 64",sigmoid,10
23337,10,5,10,0.001,1.0,1.0,4,10000,15,20,"128, 64, 64",softmax,10
10941,10,5,10,0.001,1.0,1.0,4,5000,10,10,"128, 64",tanh,10
2885,10,5,10,0.001,1.0,1.0,4,1000,10,10,"128, 64",softmax,10
7393,10,5,10,0.001,1.0,1.0,4,1000,15,30,"128, 64",softmax,10
7847,10,5,10,0.001,1.0,1.0,4,1000,15,30,"128, 64, 64",relu,10
20653,10,5,10,0.001,1.0,1.0,4,10000,10,20,"128, 64, 64",swish,10
25397,10,5,10,0.001,1.0,1.0,8,1000,5,20,"128, 64",softmax,10
2623,10,5,10,0.001,1.0,1.0,4,1000,5,30,"128, 64, 64",softmax,10
30855,10,5,10,0.001,1.0,1.0,8,1000,15,20,"128, 64",swish,10
969,10,5,10,0.001,1.0,1.0,4,1000,5,20,"128, 64",sigmoid,10
3587,10,5,10,0.001,1.0,1.0,4,1000,10,10,"128, 64, 64",swish,10
3519,10,5,10,0.001,1.0,1.0,4,1000,10,10,"128, 64, 64",softmax,10
20565,10,5,10,0.001,1.0,1.0,4,10000,10,20,"128, 64, 64",tanh,10
28697,10,5,10,0.001,1.0,1.0,8,1000,10,20,"128, 64, 64",softmax,10
14549,10,5,10,0.001,1.0,1.0,4,5000,15,20,"128, 64",tanh,10
7981,10,5,10,0.001,1.0,1.0,4,1000,15,30,"128, 64, 64",softmax,10
34367,10,5,10,0.001,1.0,1.0,8,5000,5,30,"128, 64",tanh,10
187,10,5,10,0.001,1.0,1.0,4,1000,5,10,"128, 64",softmax,10
29051,10,5,10,0.001,1.0,1.0,8,1000,10,30,"128, 64",swish,10
26771,10,5,10,0.001,1.0,1.0,8,1000,5,30,"128, 64, 64",sigmoid,10
7409,10,5,10,0.001,1.0,1.0,4,1000,15,30,"128, 64",softmax,10
28983,10,5,10,0.001,1.0,1.0,8,1000,10,30,"128, 64",softmax,10
15181,10,5,10,0.001,1.0,1.0,4,5000,15,20,"128, 64, 64",softmax,10
2893,10,5,10,0.001,1.0,1.0,4,1000,10,10,"128, 64",softmax,10
9,10,5,10,0.001,1.0,1.0,4,1000,5,10,"128, 64",relu,10
25119,10,5,10,0.001,1.0,1.0,8,1000,5,10,"128, 64, 64",softmax,10
38409,10,5,10,0.001,1.0,1.0,8,5000,15,10,"128, 64, 64",relu,10
15189,10,5,10,0.001,1.0,1.0,4,5000,15,20,"128, 64, 64",softmax,10
29017,10,5,10,0.001,1.0,1.0,8,1000,10,30,"128, 64",softmax,10
849,10,5,10,0.001,1.0,1.0,4,1000,5,10,"128, 64, 64",swish,10
2925,10,5,10,0.001,1.0,1.0,4,1000,10,10,"128, 64",softmax,10
21493,10,5,10,0.001,1.0,1.0,4,10000,10,30,"128, 64, 64",softmax,10
18919,10,5,10,0.001,1.0,1.0,4,10000,10,10,"128, 64",relu,10
20067,10,5,10,0.001,1.0,1.0,4,10000,10,20,"128, 64",swish,10
27827,10,5,10,0.001,1.0,1.0,8,1000,10,10,"128, 64, 64",softmax,10
13311,10,5,10,0.001,1.0,1.0,4,5000,10,30,"128, 64, 64",sigmoid,10
34005,10,5,10,0.001,1.0,1.0,8,5000,5,20,"128, 64, 64",sigmoid,10
24519,10,5,10,0.001,1.0,1.0,8,1000,5,10,"128, 64",softmax,10
29823,10,5,10,0.001,1.0,1.0,8,1000,15,10,"128, 64",tanh,10
38073,10,5,10,0.001,1.0,1.0,8,5000,15,10,"128, 64",swish,10
201,10,5,10,0.001,1.0,1.0,4,1000,5,10,"128, 64",softmax,10
28135,10,5,10,0.001,1.0,1.0,8,1000,10,20,"128, 64",softmax,10
1871,10,5,10,0.001,1.0,1.0,4,1000,5,30,"128, 64",sigmoid,10
39323,10,5,10,0.001,1.0,1.0,8,5000,15,20,"128, 64, 64",relu,10
31511,10,5,10,0.001,1.0,1.0,8,1000,15,30,"128, 64",relu,10
31575,10,5,10,0.001,1.0,1.0,8,1000,15,30,"128, 64",sigmoid,10
28713,10,5,10,0.001,1.0,1.0,8,1000,10,20,"128, 64, 64",softmax,10
26945,10,5,10,0.001,1.0,1.0,8,1000,5,30,"128, 64, 64",swish,10
27165,10,5,10,0.001,1.0,1.0,8,1000,10,10,"128, 64",tanh,10
30671,10,5,10,0.001,1.0,1.0,8,1000,15,20,"128, 64",sigmoid,10
3851,10,5,10,0.001,1.0,1.0,4,1000,10,20,"128, 64",swish,10
32319,10,5,10,0.001,1.0,1.0,8,1000,15,30,"128, 64, 64",softmax,10
25871,10,5,10,0.001,1.0,1.0,8,1000,5,20,"128, 64, 64",sigmoid,10
7,10,5,10,0.001,1.0,1.0,4,1000,5,10,"128, 64",relu,10
16355,10,5,10,0.001,1.0,1.0,4,10000,5,10,"128, 64",tanh,10
28729,10,5,10,0.001,1.0,1.0,8,1000,10,20,"128, 64, 64",softmax,10
37823,10,5,10,0.001,1.0,1.0,8,5000,15,10,"128, 64",relu,10
11403,10,5,10,0.001,1.0,1.0,4,5000,10,10,"128, 64, 64",relu,10
15901,10,5,10,0.001,1.0,1.0,4,5000,15,30,"128, 64, 64",relu,10
1501,10,5,10,0.001,1.0,1.0,4,1000,5,20,"128, 64, 64",relu,10
38067,10,5,10,0.001,1.0,1.0,8,5000,15,10,"128, 64",swish,10
791,10,5,10,0.001,1.0,1.0,4,1000,5,10,"128, 64, 64",softmax,10
30305,10,5,10,0.001,1.0,1.0,8,1000,15,10,"128, 64, 64",relu,10
191,10,5,10,0.001,1.0,1.0,4,1000,5,10,"128, 64",softmax,10
3605,10,5,10,0.001,1.0,1.0,4,1000,10,20,"128, 64",relu,10
4511,10,5,10,0.001,1.0,1.0,4,1000,10,30,"128, 64",relu,10
7993,10,5,10,0.001,1.0,1.0,4,1000,15,30,"128, 64, 64",softmax,10
32283,10,5,10,0.001,1.0,1.0,8,1000,15,30,"128, 64, 64",softmax,10
3815,10,5,10,0.001,1.0,1.0,4,1000,10,20,"128, 64",softmax,10
29653,10,5,10,0.001,1.0,1.0,8,1000,10,30,"128, 64, 64",swish,10
26909,10,5,10,0.001,1.0,1.0,8,1000,5,30,"128, 64, 64",softmax,10
14591,10,5,10,0.001,1.0,1.0,4,5000,15,20,"128, 64",softmax,10
30799,10,5,10,0.001,1.0,1.0,8,1000,15,20,"128, 64",softmax,10
32633,10,5,10,0.001,1.0,1.0,8,5000,5,10,"128, 64",softmax,10
28099,10,5,10,0.001,1.0,1.0,8,1000,10,20,"128, 64",softmax,10
24489,10,5,10,0.001,1.0,1.0,8,1000,5,10,"128, 64",softmax,10
36693,10,5,10,0.001,1.0,1.0,8,5000,10,20,"128, 64, 64",sigmoid,10
34385,10,5,10,0.001,1.0,1.0,8,5000,5,30,"128, 64",softmax,10
30513,10,5,10,0.001,1.0,1.0,8,1000,15,10,"128, 64, 64",softmax,10
1971,10,5,10,0.001,1.0,1.0,4,1000,5,30,"128, 64",tanh,10
28093,10,5,10,0.001,1.0,1.0,8,1000,10,20,"128, 64",softmax,10
3499,10,5,10,0.001,1.0,1.0,4,1000,10,10,"128, 64, 64",softmax,10
1021,10,5,10,0.001,1.0,1.0,4,1000,5,20,"128, 64",tanh,10
12763,10,5,10,0.001,1.0,1.0,4,5000,10,30,"128, 64",tanh,10
961,10,5,10,0.001,1.0,1.0,4,1000,5,20,"128, 64",sigmoid,10
3787,10,5,10,0.001,1.0,1.0,4,1000,10,20,"128, 64",softmax,10
13383,10,5,10,0.001,1.0,1.0,4,5000,10,30,"128, 64, 64",softmax,10
32259,10,5,10,0.001,1.0,1.0,8,1000,15,30,"128, 64, 64",tanh,10
29041,10,5,10,0.001,1.0,1.0,8,1000,10,30,"128, 64",swish,10
9799,10,5,10,0.001,1.0,1.0,4,5000,5,20,"128, 64, 64",softmax,10
22751,10,5,10,0.001,1.0,1.0,4,10000,15,20,"128, 64",swish,10
15003,10,5,10,0.001,1.0,1.0,4,5000,15,20,"128, 64, 64",relu,10
3535,10,5,10,0.001,1.0,1.0,4,1000,10,10,"128, 64, 64",softmax,10
1847,10,5,10,0.001,1.0,1.0,4,1000,5,30,"128, 64",relu,10
